6 version
1 template id
-1 item version
2750 num components
102 0 0 0 1
100 0 1 0 1
100 0 2 0 1
100 0 3 0 1
100 0 4 0 1
100 0 5 0 1
100 0 6 0 1
100 0 7 0 1
100 0 8 0 1
100 0 9 0 1
100 0 10 0 1
100 0 11 0 1
100 0 12 0 1
100 0 13 0 1
100 0 14 0 1
100 0 15 0 1
100 0 16 0 1
100 0 17 0 1
99 1 0 0 1
99 1 17 0 1
99 2 0 0 1
99 2 17 0 1
99 3 0 0 1
99 3 17 0 1
99 4 0 0 1
99 4 17 0 1
99 5 0 0 1
99 5 17 0 1
99 6 0 0 1
99 6 17 0 1
99 7 0 0 1
99 7 17 0 1
99 8 0 0 1
99 8 17 0 1
99 9 0 0 1
99 9 17 0 1
99 10 0 0 1
99 10 17 0 1
99 11 0 0 1
99 11 17 0 1
99 12 0 0 1
99 12 17 0 1
99 13 0 0 1
99 13 17 0 1
99 14 0 0 1
99 14 17 0 1
99 15 0 0 1
100 15 1 0 1
100 15 2 0 1
100 15 3 0 1
100 15 4 0 1
100 15 5 0 1
100 15 6 0 1
100 15 7 0 1
100 15 8 0 1
99 15 17 0 1
99 16 8 0 1
99 16 17 0 1
99 17 8 0 1
99 17 17 0 1
102 18 0 0 1
100 18 1 0 1
100 18 2 0 1
100 18 3 0 1
100 18 4 0 1
100 18 5 0 1
100 18 6 0 1
100 18 7 0 1
99 18 8 0 1
99 18 17 0 1
99 19 0 0 1
99 19 7 0 1
99 19 8 0 1
99 19 17 0 1
99 20 0 0 1
99 20 7 0 1
99 20 8 0 1
99 20 17 0 1
99 21 0 0 1
99 21 7 0 1
99 21 8 0 1
99 21 17 0 1
99 22 0 0 1
99 22 7 0 1
99 22 8 0 1
99 22 17 0 1
99 23 0 0 1
99 23 7 0 1
99 23 8 0 1
99 23 17 0 1
99 24 0 0 1
99 24 7 0 1
99 24 8 0 1
99 24 17 0 1
99 25 0 0 1
99 25 7 0 1
99 25 8 0 1
99 25 17 0 1
99 26 0 0 1
99 26 7 0 1
99 26 8 0 1
99 26 17 0 1
99 27 0 0 1
99 27 7 0 1
99 27 8 0 1
99 27 17 0 1
99 28 0 0 1
99 28 7 0 1
99 28 8 0 1
99 28 17 0 1
99 29 0 0 1
99 29 7 0 1
101 29 8 0 1
99 29 17 0 1
99 30 0 0 1
99 30 17 0 1
99 31 0 0 1
102 31 7 0 1
100 31 8 0 1
99 31 17 0 1
99 32 0 0 1
99 32 7 0 1
99 32 8 0 1
99 32 17 0 1
99 33 0 0 1
100 33 1 0 1
100 33 2 0 1
100 33 3 0 1
100 33 4 0 1
100 33 5 0 1
100 33 6 0 1
101 33 7 0 1
99 33 8 0 1
100 33 9 0 1
100 33 10 0 1
100 33 11 0 1
100 33 12 0 1
100 33 13 0 1
100 33 14 0 1
100 33 15 0 1
100 33 16 0 1
101 33 17 0 1
1874 34 13 0 1
1874 34 14 0 1
29 0 0 7 1
27 0 1 7 1
27 0 2 7 1
27 0 3 7 1
27 0 4 7 1
27 0 5 7 1
27 0 6 7 1
27 0 7 7 1
27 0 8 7 1
27 0 9 7 1
27 0 10 7 1
27 0 11 7 1
27 0 12 7 1
27 0 13 7 1
27 0 14 7 1
27 0 15 7 1
27 0 16 7 1
27 0 17 7 1
28 1 0 7 1
1304 1 1 7 1
1301 1 2 7 1
1301 1 3 7 1
1303 1 4 7 1
1303 1 5 7 1
1302 1 6 7 1
1304 1 7 7 1
1303 1 8 7 1
1302 1 9 7 1
1301 1 10 7 1
1304 1 11 7 1
1301 1 12 7 1
1303 1 13 7 1
1304 1 14 7 1
1301 1 15 7 1
1303 1 16 7 1
1301 1 17 7 1
28 1 17 7 1
28 2 0 7 1
1302 2 1 7 1
1304 2 2 7 1
1304 2 3 7 1
1302 2 4 7 1
1303 2 5 7 1
1301 2 6 7 1
1301 2 7 7 1
1302 2 8 7 1
1304 2 9 7 1
1303 2 10 7 1
1301 2 11 7 1
1303 2 12 7 1
1301 2 13 7 1
1303 2 14 7 1
1303 2 15 7 1
1303 2 16 7 1
1304 2 17 7 1
28 2 17 7 1
28 3 0 7 1
1302 3 1 7 1
1304 3 2 7 1
1304 3 3 7 1
1303 3 4 7 1
1302 3 5 7 1
1301 3 6 7 1
1304 3 7 7 1
1302 3 8 7 1
1302 3 9 7 1
1301 3 10 7 1
1302 3 11 7 1
1303 3 12 7 1
1304 3 13 7 1
1303 3 14 7 1
1303 3 15 7 1
1301 3 16 7 1
1303 3 17 7 1
28 3 17 7 1
28 4 0 7 1
1303 4 1 7 1
1301 4 2 7 1
1302 4 3 7 1
1304 4 4 7 1
1302 4 5 7 1
1301 4 6 7 1
1301 4 7 7 1
1302 4 8 7 1
1304 4 9 7 1
1304 4 10 7 1
1304 4 11 7 1
1304 4 12 7 1
1302 4 13 7 1
1302 4 14 7 1
1301 4 15 7 1
1302 4 16 7 1
1303 4 17 7 1
28 4 17 7 1
28 5 0 7 1
1302 5 1 7 1
1302 5 2 7 1
1303 5 3 7 1
1303 5 4 7 1
1304 5 5 7 1
1304 5 6 7 1
1301 5 7 7 1
1304 5 8 7 1
1301 5 9 7 1
1304 5 10 7 1
1303 5 11 7 1
1303 5 12 7 1
1301 5 13 7 1
1304 5 14 7 1
1303 5 15 7 1
1303 5 16 7 1
1303 5 17 7 1
28 5 17 7 1
28 6 0 7 1
1301 6 1 7 1
1302 6 2 7 1
1301 6 3 7 1
1301 6 4 7 1
1304 6 5 7 1
1303 6 6 7 1
1303 6 7 7 1
1302 6 8 7 1
1302 6 9 7 1
1301 6 10 7 1
1301 6 11 7 1
1303 6 12 7 1
1301 6 13 7 1
1304 6 14 7 1
1301 6 15 7 1
1302 6 16 7 1
1301 6 17 7 1
28 6 17 7 1
28 7 0 7 1
1302 7 1 7 1
1301 7 2 7 1
1302 7 3 7 1
1301 7 4 7 1
1303 7 5 7 1
1302 7 6 7 1
1302 7 7 7 1
1304 7 8 7 1
1302 7 9 7 1
1302 7 10 7 1
1302 7 11 7 1
1303 7 12 7 1
1304 7 13 7 1
1304 7 14 7 1
1302 7 15 7 1
1302 7 16 7 1
1304 7 17 7 1
28 7 17 7 1
28 8 0 7 1
1301 8 1 7 1
1303 8 2 7 1
1301 8 3 7 1
1302 8 4 7 1
1302 8 5 7 1
1303 8 6 7 1
1301 8 7 7 1
1302 8 8 7 1
1302 8 9 7 1
1303 8 10 7 1
1301 8 11 7 1
1302 8 12 7 1
1301 8 13 7 1
1301 8 14 7 1
1303 8 15 7 1
1302 8 16 7 1
1304 8 17 7 1
28 8 17 7 1
28 9 0 7 1
1302 9 1 7 1
1302 9 2 7 1
1301 9 3 7 1
1303 9 4 7 1
1303 9 5 7 1
1301 9 6 7 1
1304 9 7 7 1
1302 9 8 7 1
1303 9 9 7 1
1302 9 10 7 1
1301 9 11 7 1
1303 9 12 7 1
1303 9 13 7 1
1302 9 14 7 1
1303 9 15 7 1
1301 9 16 7 1
1302 9 17 7 1
28 9 17 7 1
28 10 0 7 1
1303 10 1 7 1
1302 10 2 7 1
1301 10 3 7 1
1303 10 4 7 1
1301 10 5 7 1
1303 10 6 7 1
1302 10 7 7 1
1303 10 8 7 1
1301 10 9 7 1
1303 10 10 7 1
1302 10 11 7 1
1302 10 12 7 1
1302 10 13 7 1
1301 10 14 7 1
1304 10 15 7 1
1302 10 16 7 1
1304 10 17 7 1
28 10 17 7 1
28 11 0 7 1
1302 11 1 7 1
1304 11 2 7 1
1302 11 3 7 1
1302 11 4 7 1
1303 11 5 7 1
1303 11 6 7 1
1302 11 7 7 1
1301 11 8 7 1
1304 11 9 7 1
1301 11 10 7 1
1304 11 11 7 1
1304 11 12 7 1
1304 11 13 7 1
1302 11 14 7 1
1302 11 15 7 1
1302 11 16 7 1
1304 11 17 7 1
28 11 17 7 1
28 12 0 7 1
1303 12 1 7 1
1301 12 2 7 1
1301 12 3 7 1
1301 12 4 7 1
1302 12 5 7 1
1304 12 6 7 1
1303 12 7 7 1
1304 12 8 7 1
1302 12 9 7 1
1303 12 10 7 1
1302 12 11 7 1
1304 12 12 7 1
1302 12 13 7 1
1301 12 14 7 1
1302 12 15 7 1
1301 12 16 7 1
1303 12 17 7 1
28 12 17 7 1
28 13 0 7 1
1304 13 1 7 1
1304 13 2 7 1
1303 13 3 7 1
1304 13 4 7 1
1301 13 5 7 1
1304 13 6 7 1
1304 13 7 7 1
1302 13 8 7 1
1302 13 9 7 1
1302 13 10 7 1
1303 13 11 7 1
1304 13 12 7 1
1302 13 13 7 1
1302 13 14 7 1
1301 13 15 7 1
1301 13 16 7 1
1303 13 17 7 1
28 13 17 7 1
28 14 0 7 1
1303 14 1 7 1
1303 14 2 7 1
1301 14 3 7 1
1304 14 4 7 1
1301 14 5 7 1
1301 14 6 7 1
1304 14 7 7 1
1302 14 8 7 1
1301 14 9 7 1
1301 14 10 7 1
1304 14 11 7 1
1302 14 12 7 1
1302 14 13 7 1
1301 14 14 7 1
1303 14 15 7 1
1303 14 16 7 1
1301 14 17 7 1
28 14 17 7 1
28 15 0 7 1
1303 15 1 7 1
27 15 1 7 1
1302 15 2 7 1
27 15 2 7 1
1303 15 3 7 1
27 15 3 7 1
1304 15 4 7 1
27 15 4 7 1
1302 15 5 7 1
27 15 5 7 1
1302 15 6 7 1
27 15 6 7 1
1302 15 7 7 1
27 15 7 7 1
1303 15 8 7 1
27 15 8 7 1
1301 15 9 7 1
27 15 9 7 1
1303 15 10 7 1
27 15 10 7 1
1304 15 11 7 1
27 15 11 7 1
1304 15 12 7 1
27 15 12 7 1
1301 15 13 7 1
1301 15 14 7 1
1302 15 15 7 1
27 15 15 7 1
1303 15 16 7 1
27 15 16 7 1
1303 15 17 7 1
26 15 17 7 1
28 16 8 7 1
1304 16 9 7 1
1303 16 10 7 1
1301 16 11 7 1
1303 16 12 7 1
1301 16 13 7 1
1301 16 14 7 1
1302 16 15 7 1
1303 16 16 7 1
1304 16 17 7 1
28 16 17 7 1
28 17 8 7 1
1301 17 9 7 1
1301 17 10 7 1
1302 17 11 7 1
1302 17 12 7 1
1302 17 13 7 1
1301 17 14 7 1
1301 17 15 7 1
1302 17 16 7 1
1302 17 17 7 1
28 17 17 7 1
29 18 0 7 1
27 18 1 7 1
27 18 2 7 1
27 18 3 7 1
27 18 4 7 1
27 18 5 7 1
27 18 6 7 1
27 18 7 7 1
28 18 8 7 1
1304 18 9 7 1
1301 18 10 7 1
1304 18 11 7 1
1301 18 12 7 1
1302 18 13 7 1
1301 18 14 7 1
1302 18 15 7 1
1302 18 16 7 1
1304 18 17 7 1
28 18 17 7 1
28 19 0 7 1
1848 19 1 7 1
1848 19 1 12 1
1848 19 1 17 1
1848 19 1 22 1
1848 19 2 7 1
1848 19 2 12 1
1848 19 2 17 1
1848 19 2 22 1
1303 19 3 7 1
1302 19 4 7 1
1301 19 5 7 1
1301 19 6 7 1
1301 19 7 7 1
28 19 7 7 1
28 19 8 7 1
1303 19 9 7 1
1303 19 10 7 1
1301 19 11 7 1
1303 19 12 7 1
1303 19 13 7 1
1304 19 14 7 1
1301 19 15 7 1
1302 19 16 7 1
1304 19 17 7 1
28 19 17 7 1
28 20 0 7 1
1848 20 1 7 1
1848 20 1 12 1
1848 20 1 17 1
1850 20 1 22 1
1848 20 2 7 1
1848 20 2 12 1
1848 20 2 17 1
1850 20 2 22 1
1302 20 3 7 1
1301 20 4 7 1
1303 20 5 7 1
1301 20 6 7 1
1302 20 7 7 1
28 20 7 7 1
28 20 8 7 1
1302 20 9 7 1
1303 20 10 7 1
1304 20 11 7 1
1302 20 12 7 1
1303 20 13 7 1
1303 20 14 7 1
1303 20 15 7 1
1301 20 16 7 1
1303 20 17 7 1
28 20 17 7 1
28 21 0 7 1
1848 21 1 7 1
1848 21 1 12 1
1850 21 1 17 1
1848 21 2 7 1
1848 21 2 12 1
1850 21 2 17 1
1301 21 3 7 1
1304 21 4 7 1
1302 21 5 7 1
1302 21 6 7 1
1303 21 7 7 1
28 21 7 7 1
28 21 8 7 1
1301 21 9 7 1
1303 21 10 7 1
1303 21 11 7 1
1303 21 12 7 1
1304 21 13 7 1
1304 21 14 7 1
1301 21 15 7 1
1301 21 16 7 1
1301 21 17 7 1
28 21 17 7 1
28 22 0 7 1
1848 22 1 7 1
1850 22 1 12 1
1848 22 2 7 1
1850 22 2 12 1
1303 22 3 7 1
1304 22 4 7 1
1302 22 5 7 1
1303 22 6 7 1
1303 22 7 7 1
28 22 7 7 1
28 22 8 7 1
1301 22 9 7 1
1303 22 10 7 1
1301 22 11 7 1
1301 22 12 7 1
1302 22 13 7 1
1303 22 14 7 1
1302 22 15 7 1
1303 22 16 7 1
1301 22 17 7 1
28 22 17 7 1
28 23 0 7 1
1850 23 1 7 1
1850 23 2 7 1
1301 23 3 7 1
1304 23 4 7 1
1303 23 5 7 1
1302 23 6 7 1
1304 23 7 7 1
28 23 7 7 1
28 23 8 7 1
1303 23 9 7 1
1303 23 10 7 1
1303 23 11 7 1
1302 23 12 7 1
1301 23 13 7 1
1304 23 14 7 1
1301 23 15 7 1
1303 23 16 7 1
1304 23 17 7 1
28 23 17 7 1
28 24 0 7 1
1301 24 1 7 1
1304 24 2 7 1
1302 24 3 7 1
1303 24 4 7 1
1304 24 5 7 1
1302 24 6 7 1
1304 24 7 7 1
28 24 7 7 1
28 24 8 7 1
1303 24 9 7 1
1303 24 10 7 1
1303 24 11 7 1
1301 24 12 7 1
1302 24 13 7 1
1302 24 14 7 1
1302 24 15 7 1
1301 24 16 7 1
1304 24 17 7 1
28 24 17 7 1
28 25 0 7 1
1303 25 1 7 1
1301 25 2 7 1
1304 25 3 7 1
1304 25 4 7 1
1303 25 5 7 1
1301 25 6 7 1
1303 25 7 7 1
28 25 7 7 1
28 25 8 7 1
1301 25 9 7 1
1301 25 10 7 1
1304 25 11 7 1
1301 25 12 7 1
1302 25 13 7 1
1302 25 14 7 1
1304 25 15 7 1
1301 25 16 7 1
1304 25 17 7 1
28 25 17 7 1
28 26 0 7 1
1303 26 1 7 1
1303 26 2 7 1
1303 26 3 7 1
1302 26 4 7 1
1301 26 5 7 1
1304 26 6 7 1
1303 26 7 7 1
28 26 7 7 1
28 26 8 7 1
1303 26 9 7 1
1302 26 10 7 1
1301 26 11 7 1
1302 26 12 7 1
1301 26 13 7 1
1304 26 14 7 1
1303 26 15 7 1
1301 26 16 7 1
1303 26 17 7 1
28 26 17 7 1
28 27 0 7 1
1303 27 1 7 1
1303 27 2 7 1
1304 27 3 7 1
1301 27 4 7 1
1304 27 5 7 1
1302 27 6 7 1
1301 27 7 7 1
28 27 7 7 1
28 27 8 7 1
1301 27 9 7 1
1303 27 10 7 1
1303 27 11 7 1
1303 27 12 7 1
1302 27 13 7 1
1301 27 14 7 1
1301 27 15 7 1
1303 27 16 7 1
1303 27 17 7 1
28 27 17 7 1
28 28 0 7 1
1302 28 1 7 1
1303 28 2 7 1
1304 28 3 7 1
1301 28 4 7 1
1301 28 5 7 1
1301 28 6 7 1
1304 28 7 7 1
28 28 7 7 1
28 28 8 7 1
1303 28 9 7 1
1304 28 10 7 1
1301 28 11 7 1
1304 28 12 7 1
1303 28 13 7 1
1301 28 14 7 1
1304 28 15 7 1
1301 28 16 7 1
1303 28 17 7 1
28 28 17 7 1
28 29 0 7 1
1304 29 1 7 1
1302 29 2 7 1
1302 29 3 7 1
1301 29 4 7 1
1304 29 5 7 1
1301 29 6 7 1
1304 29 7 7 1
28 29 7 7 1
26 29 8 7 1
1302 29 9 7 1
1302 29 10 7 1
1301 29 11 7 1
1301 29 12 7 1
1303 29 13 7 1
1304 29 14 7 1
1301 29 15 7 1
1302 29 16 7 1
1301 29 17 7 1
28 29 17 7 1
28 30 0 7 1
1301 30 1 7 1
1304 30 2 7 1
1304 30 3 7 1
1304 30 4 7 1
1303 30 5 7 1
1303 30 6 7 1
1303 30 7 7 1
1301 30 8 7 1
1303 30 9 7 1
1303 30 10 7 1
1302 30 11 7 1
1301 30 12 7 1
1304 30 13 7 1
1302 30 14 7 1
1302 30 15 7 1
1303 30 16 7 1
1303 30 17 7 1
28 30 17 7 1
28 31 0 7 1
1304 31 1 7 1
1301 31 2 7 1
1303 31 3 7 1
1301 31 4 7 1
1303 31 5 7 1
1304 31 6 7 1
1303 31 7 7 1
29 31 7 7 1
1303 31 8 7 1
27 31 8 7 1
1301 31 9 7 1
1303 31 10 7 1
1304 31 11 7 1
1301 31 12 7 1
1301 31 13 7 1
1302 31 14 7 1
1302 31 15 7 1
1303 31 16 7 1
1303 31 17 7 1
28 31 17 7 1
28 32 0 7 1
1303 32 1 7 1
1303 32 2 7 1
1304 32 3 7 1
1301 32 4 7 1
1302 32 5 7 1
1303 32 6 7 1
1303 32 7 7 1
28 32 7 7 1
28 32 8 7 1
1303 32 9 7 1
1301 32 10 7 1
1303 32 11 7 1
1303 32 12 7 1
1303 32 13 7 1
1302 32 14 7 1
1304 32 15 7 1
1302 32 16 7 1
1302 32 17 7 1
28 32 17 7 1
28 33 0 7 1
1301 33 1 7 1
27 33 1 7 1
1304 33 2 7 1
27 33 2 7 1
1302 33 3 7 1
27 33 3 7 1
1303 33 4 7 1
27 33 4 7 1
1304 33 5 7 1
27 33 5 7 1
1301 33 6 7 1
27 33 6 7 1
1303 33 7 7 1
26 33 7 7 1
28 33 8 7 1
1302 33 9 7 1
27 33 9 7 1
1303 33 10 7 1
27 33 10 7 1
1303 33 11 7 1
27 33 11 7 1
1303 33 12 7 1
27 33 12 7 1
1301 33 13 7 1
1303 33 14 7 1
1304 33 15 7 1
27 33 15 7 1
1301 33 16 7 1
27 33 16 7 1
1302 33 17 7 1
26 33 17 7 1
9 0 0 27 1
8 0 1 27 1
15 0 2 27 1
8 0 3 27 1
15 0 4 27 1
8 0 5 27 1
15 0 6 27 1
8 0 7 27 1
15 0 8 27 1
8 0 9 27 1
15 0 10 27 1
8 0 11 27 1
15 0 12 27 1
8 0 13 27 1
15 0 14 27 1
8 0 15 27 1
15 0 16 27 1
13 0 17 27 1
7 1 0 27 1
1233 1 1 27 1
1231 1 2 27 1
1231 1 3 27 1
1231 1 4 27 1
1231 1 5 27 1
1231 1 6 27 1
1231 1 7 27 1
1231 1 8 27 1
1231 1 9 27 1
1231 1 10 27 1
1231 1 11 27 1
1231 1 12 27 1
1231 1 13 27 1
1231 1 14 27 1
1231 1 15 27 1
1231 1 16 27 1
1232 1 17 27 1
7 1 17 27 1
14 2 0 27 1
1227 2 1 27 1
1223 2 2 27 1
1222 2 3 27 1
1225 2 4 27 1
1222 2 5 27 1
1223 2 6 27 1
1225 2 7 27 1
1225 2 8 27 1
1224 2 9 27 1
1223 2 10 27 1
1224 2 11 27 1
1223 2 12 27 1
1225 2 13 27 1
1224 2 14 27 1
1224 2 15 27 1
1223 2 16 27 1
1229 2 17 27 1
14 2 17 27 1
7 3 0 27 1
1227 3 1 27 1
1222 3 2 27 1
1225 3 3 27 1
1222 3 4 27 1
1222 3 5 27 1
1225 3 6 27 1
1223 3 7 27 1
1224 3 8 27 1
1223 3 9 27 1
1222 3 10 27 1
1222 3 11 27 1
1222 3 12 27 1
1223 3 13 27 1
1223 3 14 27 1
1225 3 15 27 1
1223 3 16 27 1
1229 3 17 27 1
7 3 17 27 1
14 4 0 27 1
1227 4 1 27 1
1224 4 2 27 1
1225 4 3 27 1
1223 4 4 27 1
1222 4 5 27 1
1223 4 6 27 1
1222 4 7 27 1
1223 4 8 27 1
1223 4 9 27 1
1224 4 10 27 1
1224 4 11 27 1
1224 4 12 27 1
1224 4 13 27 1
1222 4 14 27 1
1225 4 15 27 1
1223 4 16 27 1
1229 4 17 27 1
14 4 17 27 1
7 5 0 27 1
1227 5 1 27 1
1225 5 2 27 1
1222 5 3 27 1
1222 5 4 27 1
1225 5 5 27 1
1222 5 6 27 1
1225 5 7 27 1
1223 5 8 27 1
1223 5 9 27 1
1224 5 10 27 1
1224 5 11 27 1
1224 5 12 27 1
1225 5 13 27 1
1225 5 14 27 1
1222 5 15 27 1
1222 5 16 27 1
1229 5 17 27 1
7 5 17 27 1
14 6 0 27 1
1227 6 1 27 1
1224 6 2 27 1
1224 6 3 27 1
1224 6 4 27 1
1222 6 5 27 1
1225 6 6 27 1
1223 6 7 27 1
1223 6 8 27 1
1224 6 9 27 1
1223 6 10 27 1
1223 6 11 27 1
1224 6 12 27 1
1224 6 13 27 1
1223 6 14 27 1
1223 6 15 27 1
1222 6 16 27 1
1229 6 17 27 1
14 6 17 27 1
7 7 0 27 1
1227 7 1 27 1
1225 7 2 27 1
1224 7 3 27 1
1223 7 4 27 1
1225 7 5 27 1
1222 7 6 27 1
1222 7 7 27 1
1222 7 8 27 1
1223 7 9 27 1
1225 7 10 27 1
1223 7 11 27 1
1223 7 12 27 1
1224 7 13 27 1
1225 7 14 27 1
1224 7 15 27 1
1225 7 16 27 1
1229 7 17 27 1
7 7 17 27 1
14 8 0 27 1
1227 8 1 27 1
1223 8 2 27 1
1224 8 3 27 1
1222 8 4 27 1
1223 8 5 27 1
1222 8 6 27 1
1225 8 7 27 1
1222 8 8 27 1
1225 8 9 27 1
1222 8 10 27 1
1225 8 11 27 1
1224 8 12 27 1
1223 8 13 27 1
1225 8 14 27 1
1224 8 15 27 1
1223 8 16 27 1
1229 8 17 27 1
14 8 17 27 1
7 9 0 27 1
1227 9 1 27 1
1223 9 2 27 1
1222 9 3 27 1
1225 9 4 27 1
1223 9 5 27 1
1224 9 6 27 1
1225 9 7 27 1
1223 9 8 27 1
1222 9 9 27 1
1225 9 10 27 1
1222 9 11 27 1
1223 9 12 27 1
1223 9 13 27 1
1224 9 14 27 1
1225 9 15 27 1
1224 9 16 27 1
1229 9 17 27 1
7 9 17 27 1
14 10 0 27 1
1227 10 1 27 1
1225 10 2 27 1
1224 10 3 27 1
1222 10 4 27 1
1223 10 5 27 1
1225 10 6 27 1
1225 10 7 27 1
1223 10 8 27 1
1225 10 9 27 1
1223 10 10 27 1
1223 10 11 27 1
1224 10 12 27 1
1225 10 13 27 1
1223 10 14 27 1
1225 10 15 27 1
1224 10 16 27 1
1229 10 17 27 1
14 10 17 27 1
7 11 0 27 1
1227 11 1 27 1
1225 11 2 27 1
1223 11 3 27 1
1224 11 4 27 1
1223 11 5 27 1
1222 11 6 27 1
1223 11 7 27 1
1224 11 8 27 1
1224 11 9 27 1
1225 11 10 27 1
1222 11 11 27 1
1222 11 12 27 1
1224 11 13 27 1
1223 11 14 27 1
1223 11 15 27 1
1225 11 16 27 1
1229 11 17 27 1
7 11 17 27 1
14 12 0 27 1
1227 12 1 27 1
1224 12 2 27 1
1223 12 3 27 1
1222 12 4 27 1
1223 12 5 27 1
1225 12 6 27 1
1225 12 7 27 1
1222 12 8 27 1
1224 12 9 27 1
1225 12 10 27 1
1224 12 11 27 1
1225 12 12 27 1
1222 12 13 27 1
1224 12 14 27 1
1225 12 15 27 1
1222 12 16 27 1
1229 12 17 27 1
14 12 17 27 1
7 13 0 27 1
1227 13 1 27 1
1222 13 2 27 1
1225 13 3 27 1
1222 13 4 27 1
1222 13 5 27 1
1222 13 6 27 1
1222 13 7 27 1
1225 13 8 27 1
1222 13 9 27 1
1225 13 10 27 1
1223 13 11 27 1
1222 13 12 27 1
1225 13 13 27 1
1223 13 14 27 1
1223 13 15 27 1
1225 13 16 27 1
1229 13 17 27 1
7 13 17 27 1
14 14 0 27 1
1227 14 1 27 1
1223 14 2 27 1
1225 14 3 27 1
1223 14 4 27 1
1224 14 5 27 1
1225 14 6 27 1
1222 14 7 27 1
1225 14 8 27 1
1222 14 9 27 1
1222 14 10 27 1
1224 14 11 27 1
1224 14 12 27 1
1225 14 13 27 1
1225 14 14 27 1
1225 14 15 27 1
1222 14 16 27 1
1229 14 17 27 1
14 14 17 27 1
12 15 0 27 1
1235 15 1 27 1
8 15 1 27 1
1230 15 2 27 1
8 15 2 27 1
1230 15 3 27 1
1230 15 4 27 1
1230 15 5 27 1
8 15 5 27 1
1230 15 6 27 1
8 15 6 27 1
1230 15 7 27 1
8 15 7 27 1
1230 15 8 27 1
13 15 8 27 1
1223 15 9 27 1
8 15 9 27 1
1223 15 10 27 1
8 15 10 27 1
1223 15 11 27 1
8 15 11 27 1
1222 15 12 27 1
1225 15 13 27 1
1225 15 14 27 1
8 15 14 27 1
1223 15 15 27 1
8 15 15 27 1
1222 15 16 27 1
8 15 16 27 1
1229 15 17 27 1
6 15 17 27 1
2176 16 2 27 1
1204 16 3 27 1
1202 16 4 27 1
2177 16 5 27 1
7 16 8 27 1
1227 16 9 27 1
1824 16 9 27 1
1824 16 9 32 1
1824 16 9 37 1
1824 16 9 42 1
1225 16 10 27 1
1824 16 10 27 1
1824 16 10 32 1
1824 16 10 37 1
1824 16 10 42 1
1222 16 11 27 1
1224 16 12 27 1
1224 16 13 27 1
1222 16 14 27 1
1224 16 15 27 1
1225 16 16 27 1
1229 16 17 27 1
7 16 17 27 1
2176 17 2 27 1
1200 17 3 27 1
1198 17 4 27 1
2177 17 5 27 1
7 17 8 27 1
1227 17 9 27 1
1824 17 9 27 1
1824 17 9 32 1
1824 17 9 37 1
1827 17 9 42 1
1225 17 10 27 1
1824 17 10 27 1
1824 17 10 32 1
1824 17 10 37 1
1827 17 10 42 1
1224 17 11 27 1
1223 17 12 27 1
1222 17 13 27 1
1223 17 14 27 1
1223 17 15 27 1
1223 17 16 27 1
1229 17 17 27 1
7 17 17 27 1
9 18 0 27 1
8 18 1 27 1
2176 18 2 27 1
8 18 2 27 1
1203 18 3 27 1
1201 18 4 27 1
2177 18 5 27 1
8 18 5 27 1
8 18 6 27 1
13 18 7 27 1
7 18 8 27 1
1227 18 9 27 1
1824 18 9 27 1
1824 18 9 32 1
1827 18 9 37 1
1224 18 10 27 1
1824 18 10 27 1
1824 18 10 32 1
1827 18 10 37 1
1222 18 11 27 1
1225 18 12 27 1
1222 18 13 27 1
1225 18 14 27 1
1223 18 15 27 1
1225 18 16 27 1
1229 18 17 27 1
14 18 17 27 1
7 19 0 27 1
1231 19 3 27 1
1231 19 4 27 1
1231 19 5 27 1
1231 19 6 27 1
1232 19 7 27 1
7 19 7 27 1
7 19 8 27 1
1227 19 9 27 1
1824 19 9 27 1
1827 19 9 32 1
1223 19 10 27 1
1824 19 10 27 1
1827 19 10 32 1
1222 19 11 27 1
1222 19 12 27 1
1222 19 13 27 1
1222 19 14 27 1
1224 19 15 27 1
1223 19 16 27 1
1229 19 17 27 1
14 19 17 27 1
7 20 0 27 1
1225 20 3 27 1
1224 20 4 27 1
1222 20 5 27 1
1222 20 6 27 1
1229 20 7 27 1
7 20 7 27 1
7 20 8 27 1
1227 20 9 27 1
1827 20 9 27 1
1224 20 10 27 1
1827 20 10 27 1
1223 20 11 27 1
1223 20 12 27 1
1223 20 13 27 1
1225 20 14 27 1
1222 20 15 27 1
1222 20 16 27 1
1229 20 17 27 1
7 20 17 27 1
14 21 0 27 1
1225 21 3 27 1
1222 21 4 27 1
1224 21 5 27 1
1222 21 6 27 1
1229 21 7 27 1
14 21 7 27 1
7 21 8 27 1
1227 21 9 27 1
1224 21 10 27 1
1224 21 11 27 1
1224 21 12 27 1
1224 21 13 27 1
1222 21 14 27 1
1222 21 15 27 1
1223 21 16 27 1
1229 21 17 27 1
14 21 17 27 1
14 22 0 27 1
1223 22 3 27 1
1223 22 4 27 1
1222 22 5 27 1
1222 22 6 27 1
1229 22 7 27 1
14 22 7 27 1
7 22 8 27 1
1227 22 9 27 1
1224 22 10 27 1
1222 22 11 27 1
1225 22 12 27 1
1224 22 13 27 1
1222 22 14 27 1
1224 22 15 27 1
1223 22 16 27 1
1229 22 17 27 1
14 22 17 27 1
7 23 0 27 1
1224 23 3 27 1
1224 23 4 27 1
1225 23 5 27 1
1222 23 6 27 1
1229 23 7 27 1
7 23 7 27 1
7 23 8 27 1
1227 23 9 27 1
1225 23 10 27 1
1222 23 11 27 1
1224 23 12 27 1
1224 23 13 27 1
1223 23 14 27 1
1225 23 15 27 1
1223 23 16 27 1
1229 23 17 27 1
7 23 17 27 1
7 24 0 27 1
1227 24 1 27 1
1225 24 2 27 1
1223 24 3 27 1
1222 24 4 27 1
1225 24 5 27 1
1225 24 6 27 1
1229 24 7 27 1
7 24 7 27 1
7 24 8 27 1
1227 24 9 27 1
1222 24 10 27 1
1224 24 11 27 1
1224 24 12 27 1
1225 24 13 27 1
1222 24 14 27 1
1224 24 15 27 1
1223 24 16 27 1
1229 24 17 27 1
14 24 17 27 1
14 25 0 27 1
1227 25 1 27 1
1222 25 2 27 1
1224 25 3 27 1
1222 25 4 27 1
1225 25 5 27 1
1222 25 6 27 1
1229 25 7 27 1
14 25 7 27 1
7 25 8 27 1
1227 25 9 27 1
1222 25 10 27 1
1222 25 11 27 1
1224 25 12 27 1
1224 25 13 27 1
1222 25 14 27 1
1222 25 15 27 1
1222 25 16 27 1
1229 25 17 27 1
14 25 17 27 1
14 26 0 27 1
1227 26 1 27 1
1222 26 2 27 1
1224 26 3 27 1
1222 26 4 27 1
1222 26 5 27 1
1225 26 6 27 1
1229 26 7 27 1
14 26 7 27 1
7 26 8 27 1
1227 26 9 27 1
1223 26 10 27 1
1223 26 11 27 1
1223 26 12 27 1
1224 26 13 27 1
1223 26 14 27 1
1223 26 15 27 1
1225 26 16 27 1
1229 26 17 27 1
7 26 17 27 1
14 27 0 27 1
1227 27 1 27 1
1222 27 2 27 1
1224 27 3 27 1
1222 27 4 27 1
1224 27 5 27 1
1223 27 6 27 1
1229 27 7 27 1
14 27 7 27 1
7 27 8 27 1
1227 27 9 27 1
1225 27 10 27 1
1222 27 11 27 1
1223 27 12 27 1
1225 27 13 27 1
1225 27 14 27 1
1225 27 15 27 1
1224 27 16 27 1
1229 27 17 27 1
14 27 17 27 1
7 28 0 27 1
1227 28 1 27 1
1223 28 2 27 1
1225 28 3 27 1
1223 28 4 27 1
1225 28 5 27 1
1222 28 6 27 1
1229 28 7 27 1
7 28 7 27 1
7 28 8 27 1
1227 28 9 27 1
1223 28 10 27 1
1224 28 11 27 1
1225 28 12 27 1
1223 28 13 27 1
1222 28 14 27 1
1225 28 15 27 1
1224 28 16 27 1
1229 28 17 27 1
14 28 17 27 1
7 29 0 27 1
1227 29 1 27 1
1222 29 2 27 1
1222 29 3 27 1
1224 29 4 27 1
1223 29 5 27 1
1224 29 6 27 1
1229 29 7 27 1
7 29 7 27 1
7 29 8 27 1
1227 29 9 27 1
1225 29 10 27 1
1225 29 11 27 1
1225 29 12 27 1
1222 29 13 27 1
1224 29 14 27 1
1222 29 15 27 1
1223 29 16 27 1
1229 29 17 27 1
7 29 17 27 1
14 30 0 27 1
1227 30 1 27 1
1224 30 2 27 1
1225 30 3 27 1
1222 30 4 27 1
1225 30 5 27 1
1222 30 6 27 1
1229 30 7 27 1
14 30 7 27 1
7 30 8 27 1
1227 30 9 27 1
1222 30 10 27 1
1223 30 11 27 1
1225 30 12 27 1
1222 30 13 27 1
1223 30 14 27 1
1223 30 15 27 1
1224 30 16 27 1
1229 30 17 27 1
14 30 17 27 1
14 31 0 27 1
1227 31 1 27 1
1225 31 2 27 1
1224 31 3 27 1
1222 31 4 27 1
1223 31 5 27 1
1224 31 6 27 1
1229 31 7 27 1
14 31 7 27 1
7 31 8 27 1
1227 31 9 27 1
1225 31 10 27 1
1223 31 11 27 1
1225 31 12 27 1
1225 31 13 27 1
1224 31 14 27 1
1223 31 15 27 1
1222 31 16 27 1
1229 31 17 27 1
14 31 17 27 1
7 32 0 27 1
1227 32 1 27 1
1222 32 2 27 1
1224 32 3 27 1
1222 32 4 27 1
1224 32 5 27 1
1222 32 6 27 1
1229 32 7 27 1
7 32 7 27 1
7 32 8 27 1
1227 32 9 27 1
1224 32 10 27 1
1222 32 11 27 1
1225 32 12 27 1
1222 32 13 27 1
1224 32 14 27 1
1224 32 15 27 1
1225 32 16 27 1
1229 32 17 27 1
7 32 17 27 1
12 33 0 27 1
1235 33 1 27 1
8 33 1 27 1
1230 33 2 27 1
8 33 2 27 1
1230 33 3 27 1
15 33 3 27 1
1230 33 4 27 1
8 33 4 27 1
1230 33 5 27 1
15 33 5 27 1
1230 33 6 27 1
8 33 6 27 1
1234 33 7 27 1
6 33 7 27 1
12 33 8 27 1
1235 33 9 27 1
8 33 9 27 1
1230 33 10 27 1
8 33 10 27 1
1230 33 11 27 1
15 33 11 27 1
1230 33 12 27 1
8 33 12 27 1
1230 33 13 27 1
15 33 13 27 1
1230 33 14 27 1
8 33 14 27 1
1230 33 15 27 1
15 33 15 27 1
1230 33 16 27 1
8 33 16 27 1
1234 33 17 27 1
6 33 17 27 1
1791 0 0 47 1
1461 0 1 47 1
1461 0 2 47 1
1461 0 3 47 1
1461 0 4 47 1
1461 0 5 47 1
1461 0 6 47 1
1461 0 7 47 1
1461 0 8 47 1
1461 0 9 47 1
1461 0 10 47 1
1461 0 11 47 1
1461 0 12 47 1
1461 0 13 47 1
1461 0 14 47 1
1461 0 15 47 1
1461 0 16 47 1
1461 0 17 47 1
1790 0 18 47 1
1473 1 0 47 1
1791 1 1 50 1
1461 1 2 50 1
1461 1 3 50 1
1461 1 4 50 1
1461 1 5 50 1
1461 1 6 50 1
1461 1 7 50 1
1461 1 8 50 1
1461 1 9 50 1
1461 1 10 50 1
1461 1 11 50 1
1461 1 12 50 1
1461 1 13 50 1
1461 1 14 50 1
1461 1 15 50 1
1461 1 16 50 1
1790 1 17 50 1
1472 1 18 47 1
1473 2 0 47 1
1473 2 1 50 1
1791 2 2 53 1
1461 2 3 53 1
1461 2 4 53 1
1461 2 5 53 1
1461 2 6 53 1
1461 2 7 53 1
1461 2 8 53 1
1461 2 9 53 1
1461 2 10 53 1
1461 2 11 53 1
1461 2 12 53 1
1461 2 13 53 1
1461 2 14 53 1
1461 2 15 53 1
1790 2 16 53 1
1472 2 17 50 1
1472 2 18 47 1
1473 3 0 47 1
1473 3 1 50 1
1473 3 2 53 1
1791 3 3 56 1
1461 3 4 56 1
1461 3 5 56 1
1461 3 6 56 1
1461 3 7 56 1
1461 3 8 56 1
1461 3 9 56 1
1461 3 10 56 1
1461 3 11 56 1
1461 3 12 56 1
1461 3 13 56 1
1461 3 14 56 1
1790 3 15 56 1
1472 3 16 53 1
1472 3 17 50 1
1472 3 18 47 1
1473 4 0 47 1
1473 4 1 50 1
1473 4 2 53 1
1473 4 3 56 1
1791 4 4 59 1
1461 4 5 59 1
1461 4 6 59 1
1461 4 7 59 1
1461 4 8 59 1
1461 4 9 59 1
1461 4 10 59 1
1461 4 11 59 1
1461 4 12 59 1
1461 4 13 59 1
1790 4 14 59 1
1472 4 15 56 1
1472 4 16 53 1
1472 4 17 50 1
1472 4 18 47 1
1473 5 0 47 1
1473 5 1 50 1
1473 5 2 53 1
1473 5 3 56 1
1473 5 4 59 1
1791 5 5 62 1
1461 5 6 62 1
1461 5 7 62 1
1461 5 8 62 1
1461 5 9 62 1
1461 5 10 62 1
1461 5 11 62 1
1461 5 12 62 1
1790 5 13 62 1
1472 5 14 59 1
1472 5 15 56 1
1472 5 16 53 1
1472 5 17 50 1
1472 5 18 47 1
1473 6 0 47 1
1473 6 1 50 1
1473 6 2 53 1
1473 6 3 56 1
1473 6 4 59 1
1473 6 5 62 1
1791 6 6 65 1
1461 6 7 65 1
1461 6 8 65 1
1461 6 9 65 1
1461 6 10 65 1
1461 6 11 65 1
1790 6 12 65 1
1472 6 13 62 1
1472 6 14 59 1
1472 6 15 56 1
1472 6 16 53 1
1472 6 17 50 1
1472 6 18 47 1
1473 7 0 47 1
1473 7 1 50 1
1473 7 2 53 1
1473 7 3 56 1
1473 7 4 59 1
1473 7 5 62 1
1473 7 6 65 1
1472 7 12 65 1
1472 7 13 62 1
1472 7 14 59 1
1472 7 15 56 1
1472 7 16 53 1
1472 7 17 50 1
1472 7 18 47 1
1473 8 0 47 1
1473 8 1 50 1
1473 8 2 53 1
1473 8 3 56 1
1473 8 4 59 1
1473 8 5 62 1
1473 8 6 65 1
1472 8 12 65 1
1472 8 13 62 1
1472 8 14 59 1
1472 8 15 56 1
1472 8 16 53 1
1472 8 17 50 1
1472 8 18 47 1
1473 9 0 47 1
1473 9 1 50 1
1473 9 2 53 1
1473 9 3 56 1
1473 9 4 59 1
1473 9 5 62 1
1473 9 6 65 1
1472 9 12 65 1
1472 9 13 62 1
1472 9 14 59 1
1472 9 15 56 1
1472 9 16 53 1
1472 9 17 50 1
1472 9 18 47 1
1473 10 0 47 1
1473 10 1 50 1
1473 10 2 53 1
1473 10 3 56 1
1473 10 4 59 1
1473 10 5 62 1
1792 10 6 65 1
1460 10 7 65 1
1460 10 8 65 1
1460 10 9 65 1
1460 10 10 65 1
1460 10 11 65 1
1789 10 12 65 1
1472 10 13 62 1
1472 10 14 59 1
1472 10 15 56 1
1472 10 16 53 1
1472 10 17 50 1
1472 10 18 47 1
1473 11 0 47 1
1473 11 1 50 1
1473 11 2 53 1
1473 11 3 56 1
1473 11 4 59 1
1792 11 5 62 1
1460 11 6 62 1
1460 11 7 62 1
1460 11 8 62 1
1460 11 9 62 1
1460 11 10 62 1
1460 11 11 62 1
1460 11 12 62 1
1789 11 13 62 1
1472 11 14 59 1
1472 11 15 56 1
1472 11 16 53 1
1472 11 17 50 1
1472 11 18 47 1
1473 12 0 47 1
1473 12 1 50 1
1473 12 2 53 1
1473 12 3 56 1
1792 12 4 59 1
1460 12 5 59 1
1460 12 6 59 1
1460 12 7 59 1
1460 12 8 59 1
1460 12 9 59 1
1460 12 10 59 1
1460 12 11 59 1
1460 12 12 59 1
1460 12 13 59 1
1789 12 14 59 1
1472 12 15 56 1
1472 12 16 53 1
1472 12 17 50 1
1472 12 18 47 1
1473 13 0 47 1
1473 13 1 50 1
1473 13 2 53 1
1792 13 3 56 1
1460 13 4 56 1
1460 13 5 56 1
1460 13 6 56 1
1460 13 7 56 1
1460 13 8 56 1
1460 13 9 56 1
1460 13 10 56 1
1460 13 11 56 1
1460 13 12 56 1
1460 13 13 56 1
1460 13 14 56 1
1789 13 15 56 1
1472 13 16 53 1
1472 13 17 50 1
1472 13 18 47 1
1473 14 0 47 1
1473 14 1 50 1
1792 14 2 53 1
1460 14 3 53 1
1460 14 4 53 1
1460 14 5 53 1
1460 14 6 53 1
1460 14 7 53 1
1460 14 8 53 1
1460 14 9 53 1
1460 14 10 53 1
1460 14 11 53 1
1460 14 12 53 1
1460 14 13 53 1
1460 14 14 53 1
1460 14 15 53 1
1789 14 16 53 1
1472 14 17 50 1
1472 14 18 47 1
1473 15 0 47 1
1792 15 1 50 1
1460 15 2 50 1
1460 15 3 50 1
1460 15 4 50 1
1460 15 5 50 1
1460 15 6 50 1
1460 15 7 50 1
8 15 9 47 1
8 15 10 47 1
15 15 11 47 1
8 15 12 47 1
15 15 13 47 1
8 15 14 47 1
15 15 15 47 1
8 15 16 47 1
13 15 17 47 1
1789 15 17 50 1
1472 15 18 47 1
1792 16 0 47 1
1460 16 1 47 1
1460 16 2 47 1
1460 16 3 47 1
1460 16 4 47 1
1460 16 5 47 1
1460 16 6 47 1
1460 16 7 47 1
7 16 8 47 1
1247 16 11 47 1
1245 16 12 47 1
1245 16 13 47 1
1245 16 14 47 1
1245 16 15 47 1
1245 16 16 47 1
1246 16 17 47 1
7 16 17 47 1
1789 16 18 47 1
7 17 8 47 1
1241 17 11 47 1
1239 17 12 47 1
1238 17 13 47 1
1239 17 14 47 1
1236 17 15 47 1
1236 17 16 47 1
1243 17 17 47 1
7 17 17 47 1
9 18 0 47 1
8 18 1 47 1
8 18 2 47 1
8 18 3 47 1
8 18 4 47 1
8 18 5 47 1
8 18 6 47 1
13 18 7 47 1
14 18 8 47 1
1241 18 11 47 1
1238 18 12 47 1
1238 18 13 47 1
1238 18 14 47 1
1238 18 15 47 1
1238 18 16 47 1
1243 18 17 47 1
14 18 17 47 1
7 19 0 47 1
1247 19 1 47 1
1824 19 1 47 1
1824 19 1 52 1
1824 19 1 57 1
1824 19 1 62 1
1245 19 2 47 1
1824 19 2 47 1
1824 19 2 52 1
1824 19 2 57 1
1826 19 2 62 1
1245 19 3 47 1
1824 19 3 47 1
1824 19 3 52 1
1826 19 3 57 1
1245 19 4 47 1
1824 19 4 47 1
1826 19 4 52 1
1245 19 5 47 1
1826 19 5 47 1
1245 19 6 47 1
1246 19 7 47 1
7 19 7 47 1
14 19 8 47 1
1241 19 11 47 1
1239 19 12 47 1
1237 19 13 47 1
1238 19 14 47 1
1239 19 15 47 1
1237 19 16 47 1
1243 19 17 47 1
14 19 17 47 1
7 20 0 47 1
1241 20 1 47 1
1824 20 1 47 1
1824 20 1 52 1
1824 20 1 57 1
1824 20 1 62 1
1239 20 2 47 1
1824 20 2 47 1
1824 20 2 52 1
1824 20 2 57 1
1826 20 2 62 1
1237 20 3 47 1
1824 20 3 47 1
1824 20 3 52 1
1826 20 3 57 1
1236 20 4 47 1
1824 20 4 47 1
1826 20 4 52 1
1237 20 5 47 1
1826 20 5 47 1
1236 20 6 47 1
1243 20 7 47 1
7 20 7 47 1
7 20 8 47 1
1241 20 11 47 1
1237 20 12 47 1
1239 20 13 47 1
1238 20 14 47 1
1236 20 15 47 1
1236 20 16 47 1
1243 20 17 47 1
7 20 17 47 1
14 21 0 47 1
1241 21 1 47 1
1238 21 2 47 1
1236 21 3 47 1
1238 21 4 47 1
1236 21 5 47 1
1237 21 6 47 1
1243 21 7 47 1
14 21 7 47 1
14 21 8 47 1
1247 21 9 47 1
1245 21 10 47 1
1236 21 11 47 1
1237 21 12 47 1
1236 21 13 47 1
1238 21 14 47 1
1239 21 15 47 1
1236 21 16 47 1
1243 21 17 47 1
14 21 17 47 1
14 22 0 47 1
1241 22 1 47 1
1236 22 2 47 1
1238 22 3 47 1
1236 22 4 47 1
1237 22 5 47 1
1238 22 6 47 1
1243 22 7 47 1
14 22 7 47 1
14 22 8 47 1
1241 22 9 47 1
1236 22 10 47 1
1238 22 11 47 1
1239 22 12 47 1
1239 22 13 47 1
1237 22 14 47 1
1239 22 15 47 1
1236 22 16 47 1
1243 22 17 47 1
14 22 17 47 1
7 23 0 47 1
1241 23 1 47 1
1239 23 2 47 1
1239 23 3 47 1
1236 23 4 47 1
1236 23 5 47 1
1236 23 6 47 1
1243 23 7 47 1
7 23 7 47 1
7 23 8 47 1
1241 23 9 47 1
1236 23 10 47 1
1238 23 11 47 1
1239 23 12 47 1
1239 23 13 47 1
1236 23 14 47 1
1236 23 15 47 1
1239 23 16 47 1
1243 23 17 47 1
7 23 17 47 1
7 24 0 47 1
1241 24 1 47 1
1239 24 2 47 1
1238 24 3 47 1
1239 24 4 47 1
1238 24 5 47 1
1239 24 6 47 1
1243 24 7 47 1
7 24 7 47 1
14 24 8 47 1
1241 24 9 47 1
1237 24 10 47 1
1239 24 11 47 1
1239 24 12 47 1
1238 24 13 47 1
1236 24 14 47 1
1236 24 15 47 1
1239 24 16 47 1
1243 24 17 47 1
14 24 17 47 1
14 25 0 47 1
1241 25 1 47 1
1239 25 2 47 1
1238 25 3 47 1
1236 25 4 47 1
1236 25 5 47 1
1238 25 6 47 1
1243 25 7 47 1
14 25 7 47 1
14 25 8 47 1
1241 25 9 47 1
1238 25 10 47 1
1236 25 11 47 1
1237 25 12 47 1
1236 25 13 47 1
1239 25 14 47 1
1238 25 15 47 1
1237 25 16 47 1
1243 25 17 47 1
14 25 17 47 1
14 26 0 47 1
1241 26 1 47 1
1236 26 2 47 1
1236 26 3 47 1
1238 26 4 47 1
1239 26 5 47 1
1236 26 6 47 1
1243 26 7 47 1
14 26 7 47 1
7 26 8 47 1
1241 26 9 47 1
1239 26 10 47 1
1236 26 11 47 1
1239 26 12 47 1
1239 26 13 47 1
1237 26 14 47 1
1239 26 15 47 1
1238 26 16 47 1
1243 26 17 47 1
7 26 17 47 1
14 27 0 47 1
1241 27 1 47 1
1237 27 2 47 1
1239 27 3 47 1
1238 27 4 47 1
1236 27 5 47 1
1238 27 6 47 1
1243 27 7 47 1
14 27 7 47 1
14 27 8 47 1
1241 27 9 47 1
1238 27 10 47 1
1238 27 11 47 1
1238 27 12 47 1
1236 27 13 47 1
1236 27 14 47 1
1238 27 15 47 1
1238 27 16 47 1
1243 27 17 47 1
14 27 17 47 1
7 28 0 47 1
1241 28 1 47 1
1239 28 2 47 1
1239 28 3 47 1
1238 28 4 47 1
1236 28 5 47 1
1238 28 6 47 1
1243 28 7 47 1
7 28 7 47 1
14 28 8 47 1
1241 28 9 47 1
1236 28 10 47 1
1237 28 11 47 1
1238 28 12 47 1
1237 28 13 47 1
1239 28 14 47 1
1238 28 15 47 1
1238 28 16 47 1
1243 28 17 47 1
14 28 17 47 1
7 29 0 47 1
1241 29 1 47 1
1236 29 2 47 1
1238 29 3 47 1
1239 29 4 47 1
1237 29 5 47 1
1236 29 6 47 1
1243 29 7 47 1
12 29 7 47 1
6 29 8 47 1
1241 29 9 47 1
1239 29 10 47 1
1239 29 11 47 1
1238 29 12 47 1
1236 29 13 47 1
1239 29 14 47 1
1239 29 15 47 1
1237 29 16 47 1
1243 29 17 47 1
7 29 17 47 1
14 30 0 47 1
1241 30 1 47 1
1237 30 2 47 1
1239 30 3 47 1
1237 30 4 47 1
1236 30 5 47 1
1237 30 6 47 1
1243 30 7 47 1
1197 30 8 47 1
1241 30 9 47 1
1238 30 10 47 1
1237 30 11 47 1
1238 30 12 47 1
1237 30 13 47 1
1237 30 14 47 1
1238 30 15 47 1
1237 30 16 47 1
1243 30 17 47 1
14 30 17 47 1
14 31 0 47 1
1241 31 1 47 1
1237 31 2 47 1
1238 31 3 47 1
1238 31 4 47 1
1238 31 5 47 1
1237 31 6 47 1
1243 31 7 47 1
9 31 7 47 1
1199 31 8 47 1
13 31 8 47 1
1241 31 9 47 1
1238 31 10 47 1
1239 31 11 47 1
1236 31 12 47 1
1238 31 13 47 1
1237 31 14 47 1
1236 31 15 47 1
1238 31 16 47 1
1243 31 17 47 1
14 31 17 47 1
7 32 0 47 1
1241 32 1 47 1
1236 32 2 47 1
1236 32 3 47 1
1238 32 4 47 1
1238 32 5 47 1
1236 32 6 47 1
1243 32 7 47 1
7 32 7 47 1
7 32 8 47 1
1241 32 9 47 1
1236 32 10 47 1
1236 32 11 47 1
1238 32 12 47 1
1239 32 13 47 1
1237 32 14 47 1
1237 32 15 47 1
1238 32 16 47 1
1243 32 17 47 1
7 32 17 47 1
12 33 0 47 1
1249 33 1 47 1
8 33 1 47 1
1244 33 2 47 1
8 33 2 47 1
1244 33 3 47 1
15 33 3 47 1
1244 33 4 47 1
8 33 4 47 1
1244 33 5 47 1
15 33 5 47 1
1244 33 6 47 1
8 33 6 47 1
1248 33 7 47 1
6 33 7 47 1
12 33 8 47 1
1249 33 9 47 1
8 33 9 47 1
1244 33 10 47 1
8 33 10 47 1
1244 33 11 47 1
15 33 11 47 1
1244 33 12 47 1
8 33 12 47 1
1244 33 13 47 1
15 33 13 47 1
1244 33 14 47 1
8 33 14 47 1
1244 33 15 47 1
15 33 15 47 1
1244 33 16 47 1
8 33 16 47 1
1248 33 17 47 1
6 33 17 47 1
1791 7 7 68 1
1461 7 8 68 1
1461 7 9 68 1
1461 7 10 68 1
1790 7 11 68 1
1473 8 7 68 1
1459 8 8 71 1
1459 8 9 71 1
1459 8 10 71 1
1472 8 11 68 1
1792 9 7 68 1
1460 9 8 68 1
1460 9 9 68 1
1460 9 10 68 1
1789 9 11 68 1
1473 15 8 67 1
1473 15 9 70 1
1473 15 10 73 1
1473 15 11 76 1
1473 15 12 79 1
1471 15 13 82 1
1472 15 14 79 1
1472 15 15 76 1
1472 15 16 73 1
1472 15 17 70 1
1472 15 18 67 1
1473 16 8 67 1
1473 16 9 70 1
1473 16 10 73 1
1473 16 11 76 1
1473 16 12 79 1
1471 16 13 82 1
1472 16 14 79 1
1472 16 15 76 1
1472 16 16 73 1
1472 16 17 70 1
1472 16 18 67 1
1473 17 8 67 1
1473 17 9 70 1
1473 17 10 73 1
1473 17 11 76 1
1473 17 12 79 1
1471 17 13 82 1
1472 17 14 79 1
1472 17 15 76 1
1472 17 16 73 1
1472 17 17 70 1
1472 17 18 67 1
9 18 0 67 1
8 18 1 67 1
8 18 2 67 1
15 18 3 67 1
8 18 4 67 1
15 18 5 67 1
8 18 6 67 1
13 18 7 67 1
1473 18 8 67 1
1473 18 9 70 1
1473 18 10 73 1
1473 18 11 76 1
1473 18 12 79 1
1471 18 13 82 1
1472 18 14 79 1
1472 18 15 76 1
1472 18 16 73 1
1472 18 17 70 1
1472 18 18 67 1
7 19 0 67 1
1231 19 6 67 1
1232 19 7 67 1
7 19 7 67 1
1473 19 8 67 1
1473 19 9 70 1
1473 19 10 73 1
1473 19 11 76 1
1473 19 12 79 1
1471 19 13 82 1
1472 19 14 79 1
1472 19 15 76 1
1472 19 16 73 1
1472 19 17 70 1
1472 19 18 67 1
7 20 0 67 1
1222 20 6 67 1
1229 20 7 67 1
7 20 7 67 1
1473 20 8 67 1
1473 20 9 70 1
1473 20 10 73 1
1473 20 11 76 1
1473 20 12 79 1
1471 20 13 82 1
1472 20 14 79 1
1472 20 15 76 1
1472 20 16 73 1
1472 20 17 70 1
1472 20 18 67 1
14 21 0 67 1
1233 21 1 67 1
1231 21 2 67 1
1231 21 3 67 1
1231 21 4 67 1
1231 21 5 67 1
1225 21 6 67 1
1229 21 7 67 1
14 21 7 67 1
1473 21 8 67 1
1473 21 9 70 1
1473 21 10 73 1
1473 21 11 76 1
1473 21 12 79 1
1471 21 13 82 1
1472 21 14 79 1
1472 21 15 76 1
1472 21 16 73 1
1472 21 17 70 1
1472 21 18 67 1
14 22 0 67 1
1227 22 1 67 1
1225 22 2 67 1
1225 22 3 67 1
1223 22 4 67 1
1223 22 5 67 1
1224 22 6 67 1
1229 22 7 67 1
14 22 7 67 1
1473 22 8 67 1
1473 22 9 70 1
1473 22 10 73 1
1473 22 11 76 1
1473 22 12 79 1
1471 22 13 82 1
1472 22 14 79 1
1472 22 15 76 1
1472 22 16 73 1
1472 22 17 70 1
1472 22 18 67 1
7 23 0 67 1
1227 23 1 67 1
1222 23 2 67 1
1225 23 3 67 1
1225 23 4 67 1
1224 23 5 67 1
1222 23 6 67 1
1229 23 7 67 1
7 23 7 67 1
1473 23 8 67 1
1473 23 9 70 1
1473 23 10 73 1
1473 23 11 76 1
1473 23 12 79 1
1471 23 13 82 1
1472 23 14 79 1
1472 23 15 76 1
1472 23 16 73 1
1472 23 17 70 1
1472 23 18 67 1
7 24 0 67 1
1227 24 1 67 1
1223 24 2 67 1
1224 24 3 67 1
1222 24 4 67 1
1222 24 5 67 1
1225 24 6 67 1
1229 24 7 67 1
7 24 7 67 1
1473 24 8 67 1
1473 24 9 70 1
1473 24 10 73 1
1473 24 11 76 1
1473 24 12 79 1
1471 24 13 82 1
1472 24 14 79 1
1472 24 15 76 1
1472 24 16 73 1
1472 24 17 70 1
1472 24 18 67 1
14 25 0 67 1
1227 25 1 67 1
1223 25 2 67 1
1223 25 3 67 1
1223 25 4 67 1
1224 25 5 67 1
1225 25 6 67 1
1229 25 7 67 1
14 25 7 67 1
1473 25 8 67 1
1473 25 9 70 1
1473 25 10 73 1
1473 25 11 76 1
1473 25 12 79 1
1471 25 13 82 1
1472 25 14 79 1
1472 25 15 76 1
1472 25 16 73 1
1472 25 17 70 1
1472 25 18 67 1
14 26 0 67 1
1227 26 1 67 1
1222 26 2 67 1
1225 26 3 67 1
1224 26 4 67 1
1222 26 5 67 1
1224 26 6 67 1
1229 26 7 67 1
14 26 7 67 1
1473 26 8 67 1
1473 26 9 70 1
1473 26 10 73 1
1473 26 11 76 1
1473 26 12 79 1
1471 26 13 82 1
1472 26 14 79 1
1472 26 15 76 1
1472 26 16 73 1
1472 26 17 70 1
1472 26 18 67 1
14 27 0 67 1
1227 27 1 67 1
1222 27 2 67 1
1222 27 3 67 1
1225 27 4 67 1
1223 27 5 67 1
1224 27 6 67 1
1229 27 7 67 1
14 27 7 67 1
1473 27 8 67 1
1473 27 9 70 1
1473 27 10 73 1
1473 27 11 76 1
1473 27 12 79 1
1471 27 13 82 1
1472 27 14 79 1
1472 27 15 76 1
1472 27 16 73 1
1472 27 17 70 1
1472 27 18 67 1
7 28 0 67 1
1227 28 1 67 1
1224 28 2 67 1
1223 28 3 67 1
1225 28 4 67 1
1225 28 5 67 1
1222 28 6 67 1
1229 28 7 67 1
7 28 7 67 1
1473 28 8 67 1
1473 28 9 70 1
1473 28 10 73 1
1473 28 11 76 1
1473 28 12 79 1
1471 28 13 82 1
1472 28 14 79 1
1472 28 15 76 1
1472 28 16 73 1
1472 28 17 70 1
1472 28 18 67 1
7 29 0 67 1
1227 29 1 67 1
1225 29 2 67 1
1225 29 3 67 1
1225 29 4 67 1
1222 29 5 67 1
1225 29 6 67 1
1229 29 7 67 1
7 29 7 67 1
1473 29 8 67 1
1473 29 9 70 1
1473 29 10 73 1
1473 29 11 76 1
1473 29 12 79 1
1471 29 13 82 1
1472 29 14 79 1
1472 29 15 76 1
1472 29 16 73 1
1472 29 17 70 1
1472 29 18 67 1
14 30 0 67 1
1227 30 1 67 1
1223 30 2 67 1
1222 30 3 67 1
1224 30 4 67 1
1225 30 5 67 1
1222 30 6 67 1
1229 30 7 67 1
14 30 7 67 1
1197 30 8 67 1
1473 30 8 67 1
1473 30 9 70 1
1473 30 10 73 1
1473 30 11 76 1
1473 30 12 79 1
1471 30 13 82 1
1472 30 14 79 1
1472 30 15 76 1
1472 30 16 73 1
1472 30 17 70 1
1472 30 18 67 1
14 31 0 67 1
1227 31 1 67 1
1223 31 2 67 1
1224 31 3 67 1
1225 31 4 67 1
1223 31 5 67 1
1224 31 6 67 1
1229 31 7 67 1
14 31 7 67 1
1199 31 8 67 1
1473 31 8 67 1
1473 31 9 70 1
1473 31 10 73 1
1473 31 11 76 1
1473 31 12 79 1
1471 31 13 82 1
1472 31 14 79 1
1472 31 15 76 1
1472 31 16 73 1
1472 31 17 70 1
1472 31 18 67 1
7 32 0 67 1
1227 32 1 67 1
1223 32 2 67 1
1225 32 3 67 1
1223 32 4 67 1
1225 32 5 67 1
1223 32 6 67 1
1229 32 7 67 1
7 32 7 67 1
1473 32 8 67 1
1473 32 9 70 1
1473 32 10 73 1
1473 32 11 76 1
1473 32 12 79 1
1471 32 13 82 1
1472 32 14 79 1
1472 32 15 76 1
1472 32 16 73 1
1472 32 17 70 1
1472 32 18 67 1
12 33 0 67 1
1235 33 1 67 1
8 33 1 67 1
1230 33 2 67 1
8 33 2 67 1
1230 33 3 67 1
15 33 3 67 1
1230 33 4 67 1
8 33 4 67 1
1230 33 5 67 1
15 33 5 67 1
1230 33 6 67 1
8 33 6 67 1
1234 33 7 67 1
6 33 7 67 1
1473 33 8 67 1
21 33 9 67 1
1473 33 9 70 1
21 33 10 67 1
1473 33 10 73 1
21 33 11 67 1
21 33 11 72 1
1473 33 11 76 1
21 33 12 67 1
21 33 12 72 1
1473 33 12 79 1
21 33 13 67 1
21 33 13 72 1
1471 33 13 82 1
21 33 14 67 1
21 33 14 72 1
1472 33 14 79 1
21 33 15 67 1
1472 33 15 76 1
1472 33 16 73 1
1472 33 17 70 1
1472 33 18 67 1
1473 34 8 67 1
1473 34 9 70 1
1473 34 10 73 1
1473 34 11 76 1
1473 34 12 79 1
1471 34 13 82 1
1472 34 14 79 1
1472 34 15 76 1
1472 34 16 73 1
1472 34 17 70 1
1472 34 18 67 1
1473 18 0 87 1
1473 18 1 90 1
1473 18 2 93 1
1473 18 3 96 1
1471 18 4 99 1
1472 18 5 96 1
1472 18 6 93 1
1472 18 7 90 1
1472 18 8 87 1
1473 19 0 87 1
1473 19 1 90 1
1473 19 2 93 1
1473 19 3 96 1
1471 19 4 99 1
1472 19 5 96 1
1472 19 6 93 1
1472 19 7 90 1
1472 19 8 87 1
1473 20 0 87 1
1473 20 1 90 1
1473 20 2 93 1
1473 20 3 96 1
1471 20 4 99 1
1472 20 5 96 1
1472 20 6 93 1
1472 20 7 90 1
1472 20 8 87 1
1473 21 0 87 1
1473 21 1 90 1
1473 21 2 93 1
1473 21 3 96 1
1471 21 4 99 1
1472 21 5 96 1
1472 21 6 93 1
1472 21 7 90 1
1472 21 8 87 1
1473 22 0 87 1
1473 22 1 90 1
1473 22 2 93 1
1473 22 3 96 1
1471 22 4 99 1
1472 22 5 96 1
1472 22 6 93 1
1472 22 7 90 1
1472 22 8 87 1
1473 23 0 87 1
1473 23 1 90 1
1473 23 2 93 1
1473 23 3 96 1
1471 23 4 99 1
1472 23 5 96 1
1472 23 6 93 1
1472 23 7 90 1
1472 23 8 87 1
1473 24 0 87 1
1473 24 1 90 1
1473 24 2 93 1
1473 24 3 96 1
1471 24 4 99 1
1472 24 5 96 1
1472 24 6 93 1
1472 24 7 90 1
1472 24 8 87 1
1473 25 0 87 1
1473 25 1 90 1
1473 25 2 93 1
1473 25 3 96 1
1471 25 4 99 1
1472 25 5 96 1
1472 25 6 93 1
1472 25 7 90 1
1472 25 8 87 1
1473 26 0 87 1
1473 26 1 90 1
1473 26 2 93 1
1473 26 3 96 1
1471 26 4 99 1
1472 26 5 96 1
1472 26 6 93 1
1472 26 7 90 1
1472 26 8 87 1
1473 27 0 87 1
1473 27 1 90 1
1473 27 2 93 1
1473 27 3 96 1
1471 27 4 99 1
1472 27 5 96 1
1472 27 6 93 1
1472 27 7 90 1
1472 27 8 87 1
1473 28 0 87 1
1473 28 1 90 1
1473 28 2 93 1
1473 28 3 96 1
1471 28 4 99 1
1472 28 5 96 1
1472 28 6 93 1
1472 28 7 90 1
1472 28 8 87 1
1473 29 0 87 1
1473 29 1 90 1
1473 29 2 93 1
1473 29 3 96 1
1471 29 4 99 1
1472 29 5 96 1
1472 29 6 93 1
1472 29 7 90 1
1472 29 8 87 1
1473 30 0 87 1
1473 30 1 90 1
1473 30 2 93 1
1473 30 3 96 1
1471 30 4 99 1
1472 30 5 96 1
1472 30 6 93 1
1472 30 7 90 1
1472 30 8 87 1
1473 31 0 87 1
1473 31 1 90 1
1473 31 2 93 1
1473 31 3 96 1
1471 31 4 99 1
1472 31 5 96 1
1472 31 6 93 1
1472 31 7 90 1
1472 31 8 87 1
1473 32 0 87 1
1473 32 1 90 1
1473 32 2 93 1
1473 32 3 96 1
1471 32 4 99 1
1472 32 5 96 1
1472 32 6 93 1
1472 32 7 90 1
1472 32 8 87 1
1473 33 0 87 1
21 33 1 87 1
1473 33 1 90 1
21 33 2 87 1
21 33 2 92 1
1473 33 2 93 1
21 33 3 87 1
21 33 3 92 1
1473 33 3 96 1
21 33 4 87 1
21 33 4 92 1
1471 33 4 99 1
21 33 5 87 1
21 33 5 92 1
1472 33 5 96 1
1472 33 6 93 1
1472 33 7 90 1
1472 33 8 87 1
1473 34 0 87 1
1473 34 1 90 1
1473 34 2 93 1
1473 34 3 96 1
1471 34 4 99 1
1472 34 5 96 1
1472 34 6 93 1
1472 34 7 90 1
1472 34 8 87 1
