6 version
1 template id
-1 item version
2244 num components
39 0 0 0 1
38 0 1 0 1
38 0 2 0 1
38 0 3 0 1
38 0 4 0 1
38 0 5 0 1
38 0 6 0 1
38 0 7 0 1
38 0 8 0 1
38 0 9 0 1
38 0 10 0 1
38 0 11 0 1
38 0 12 0 1
38 0 13 0 1
38 0 14 0 1
38 0 15 0 1
38 0 16 0 1
38 0 17 0 1
38 0 18 0 1
38 0 19 0 1
37 1 0 0 1
37 1 19 0 1
37 2 0 0 1
37 2 19 0 1
37 3 0 0 1
37 3 19 0 1
37 4 0 0 1
18 4 19 0 1
37 5 0 0 1
18 5 19 0 1
37 6 0 0 1
18 6 19 0 1
37 7 0 0 1
18 7 19 0 1
37 8 0 0 1
39 8 8 0 1
38 8 9 0 1
38 8 10 0 1
38 8 11 0 1
18 8 19 0 1
37 9 0 0 1
37 9 8 0 1
37 9 11 0 1
18 9 19 0 1
37 10 0 0 1
37 10 8 0 1
37 10 11 0 1
37 10 19 0 1
37 11 0 0 1
37 11 8 0 1
37 11 11 0 1
37 11 19 0 1
37 12 0 0 1
37 12 8 0 1
37 12 11 0 1
38 12 12 0 1
38 12 13 0 1
17 12 14 0 1
17 12 15 0 1
17 12 16 0 1
17 12 17 0 1
38 12 18 0 1
36 12 19 0 1
37 13 0 0 1
37 13 8 0 1
37 14 0 0 1
37 14 8 0 1
3290 14 13 0 1
3292 14 13 1 1
3290 14 15 0 1
3292 14 15 1 1
3290 14 17 0 1
3292 14 17 1 1
37 15 0 0 1
18 15 8 0 1
3290 15 14 0 1
3292 15 14 1 1
3290 15 16 0 1
3292 15 16 1 1
3290 15 18 0 1
3292 15 18 1 1
37 16 0 0 1
18 16 8 0 1
37 17 0 0 1
47 17 8 0 1
47 17 8 3 1
1848 17 9 0 1
1849 17 10 0 1
37 18 0 0 1
47 18 8 0 1
47 18 8 3 1
1848 18 9 0 1
1849 18 10 0 1
37 19 0 0 1
18 19 8 0 1
1848 19 9 0 1
1848 19 10 0 1
1851 19 10 5 1
37 20 0 0 1
47 20 8 0 1
47 20 8 3 1
1848 20 9 0 1
1849 20 10 0 1
37 21 0 0 1
47 21 8 0 1
47 21 8 3 1
1848 21 9 0 1
1849 21 10 0 1
37 22 0 0 1
18 22 8 0 1
37 23 0 0 1
18 23 8 0 1
37 24 0 0 1
37 24 8 0 1
3290 24 13 0 1
3292 24 13 1 1
3290 24 15 0 1
3292 24 15 1 1
3290 24 17 0 1
3292 24 17 1 1
37 25 0 0 1
37 25 8 0 1
3290 25 14 0 1
3292 25 14 1 1
3290 25 16 0 1
3292 25 16 1 1
3290 25 18 0 1
3292 25 18 1 1
37 26 0 0 1
37 26 8 0 1
39 26 11 0 1
38 26 12 0 1
38 26 13 0 1
38 26 14 0 1
38 26 15 0 1
38 26 16 0 1
38 26 17 0 1
38 26 18 0 1
38 26 19 0 1
37 27 0 0 1
37 27 8 0 1
37 27 11 0 1
37 27 19 0 1
37 28 0 0 1
37 28 8 0 1
37 28 11 0 1
37 28 19 0 1
37 29 0 0 1
37 29 8 0 1
37 29 11 0 1
37 29 19 0 1
37 30 0 0 1
37 30 8 0 1
38 30 9 0 1
38 30 10 0 1
36 30 11 0 1
18 30 19 0 1
37 31 0 0 1
18 31 19 0 1
37 32 0 0 1
18 32 19 0 1
37 33 0 0 1
18 33 19 0 1
37 34 0 0 1
18 34 19 0 1
37 35 0 0 1
18 35 19 0 1
37 36 0 0 1
37 36 19 0 1
37 37 0 0 1
37 37 19 0 1
37 38 0 0 1
38 38 1 0 1
38 38 2 0 1
38 38 3 0 1
17 38 4 0 1
17 38 5 0 1
17 38 6 0 1
17 38 7 0 1
17 38 8 0 1
38 38 9 0 1
38 38 10 0 1
38 38 11 0 1
17 38 12 0 1
17 38 13 0 1
17 38 14 0 1
17 38 15 0 1
17 38 16 0 1
38 38 17 0 1
38 38 18 0 1
36 38 19 0 1
29 0 0 6 1
27 0 1 6 1
27 0 2 6 1
32 0 3 6 1
11 0 4 6 1
8 0 5 6 1
15 0 6 6 1
8 0 7 6 1
13 0 8 6 1
31 0 9 6 1
27 0 10 6 1
32 0 11 6 1
11 0 12 6 1
8 0 13 6 1
15 0 14 6 1
8 0 15 6 1
13 0 16 6 1
31 0 17 6 1
27 0 18 6 1
32 0 19 6 1
28 1 0 6 1
1193 1 1 6 1
1196 1 2 6 1
1194 1 3 6 1
1193 1 4 6 1
1195 1 5 6 1
1196 1 6 6 1
1193 1 7 6 1
1195 1 8 6 1
1196 1 9 6 1
1194 1 10 6 1
1196 1 11 6 1
1194 1 12 6 1
1196 1 13 6 1
1196 1 14 6 1
1193 1 15 6 1
1193 1 16 6 1
1195 1 17 6 1
1196 1 18 6 1
1195 1 19 6 1
28 1 19 6 1
28 2 0 6 1
1195 2 1 6 1
1194 2 2 6 1
1196 2 3 6 1
1193 2 4 6 1
1195 2 5 6 1
1193 2 6 6 1
1194 2 7 6 1
1193 2 8 6 1
1195 2 9 6 1
1194 2 10 6 1
1194 2 11 6 1
1194 2 12 6 1
1195 2 13 6 1
1193 2 14 6 1
1195 2 15 6 1
1194 2 16 6 1
1194 2 17 6 1
1193 2 18 6 1
1195 2 19 6 1
28 2 19 6 1
28 3 0 6 1
1193 3 1 6 1
1194 3 2 6 1
1195 3 3 6 1
1193 3 4 6 1
1193 3 5 6 1
1196 3 6 6 1
1193 3 7 6 1
1196 3 8 6 1
1195 3 9 6 1
1196 3 10 6 1
1194 3 11 6 1
1193 3 12 6 1
1196 3 13 6 1
1193 3 14 6 1
1194 3 15 6 1
1195 3 16 6 1
1195 3 17 6 1
1193 3 18 6 1
1195 3 19 6 1
33 3 19 6 1
28 4 0 6 1
1196 4 1 6 1
1193 4 2 6 1
1194 4 3 6 1
1196 4 4 6 1
1195 4 5 6 1
1193 4 6 6 1
1195 4 7 6 1
1193 4 8 6 1
1193 4 9 6 1
1194 4 10 6 1
1193 4 11 6 1
1194 4 12 6 1
1196 4 13 6 1
1196 4 14 6 1
1193 4 15 6 1
1195 4 16 6 1
1194 4 17 6 1
1196 4 18 6 1
1194 4 19 6 1
10 4 19 6 1
28 5 0 6 1
1196 5 1 6 1
1194 5 2 6 1
1195 5 3 6 1
1193 5 4 6 1
1195 5 5 6 1
1193 5 6 6 1
1193 5 7 6 1
1193 5 8 6 1
1194 5 9 6 1
1193 5 10 6 1
1193 5 11 6 1
1194 5 12 6 1
1196 5 13 6 1
1194 5 14 6 1
1195 5 15 6 1
1194 5 16 6 1
1194 5 17 6 1
1196 5 18 6 1
1194 5 19 6 1
14 5 19 6 1
28 6 0 6 1
1196 6 1 6 1
1196 6 2 6 1
1195 6 3 6 1
1196 6 4 6 1
1196 6 5 6 1
1195 6 6 6 1
1194 6 7 6 1
1194 6 8 6 1
1195 6 9 6 1
1194 6 10 6 1
1195 6 11 6 1
1195 6 12 6 1
1193 6 13 6 1
1195 6 14 6 1
1193 6 15 6 1
1194 6 16 6 1
1194 6 17 6 1
1193 6 18 6 1
1196 6 19 6 1
7 6 19 6 1
28 7 0 6 1
1195 7 1 6 1
1195 7 2 6 1
1194 7 3 6 1
1193 7 4 6 1
1193 7 5 6 1
1196 7 6 6 1
1193 7 7 6 1
1196 7 8 6 1
1194 7 9 6 1
1193 7 10 6 1
1193 7 11 6 1
1194 7 12 6 1
1195 7 13 6 1
1196 7 14 6 1
1196 7 15 6 1
1193 7 16 6 1
1195 7 17 6 1
1193 7 18 6 1
1194 7 19 6 1
7 7 19 6 1
28 8 0 6 1
1195 8 1 6 1
1195 8 2 6 1
1193 8 3 6 1
1195 8 4 6 1
1195 8 5 6 1
1195 8 6 6 1
1195 8 7 6 1
1195 8 8 6 1
29 8 8 6 1
1196 8 9 6 1
27 8 9 6 1
1196 8 10 6 1
27 8 10 6 1
1195 8 11 6 1
32 8 11 6 1
1196 8 12 6 1
1194 8 13 6 1
1193 8 14 6 1
1195 8 15 6 1
1193 8 16 6 1
1196 8 17 6 1
1194 8 18 6 1
1195 8 19 6 1
14 8 19 6 1
28 9 0 6 1
1194 9 1 6 1
1193 9 2 6 1
1196 9 3 6 1
1195 9 4 6 1
1193 9 5 6 1
1194 9 6 6 1
1194 9 7 6 1
1196 9 8 6 1
28 9 8 6 1
28 9 11 6 1
1196 9 12 6 1
1193 9 13 6 1
1193 9 14 6 1
1194 9 15 6 1
1194 9 16 6 1
1194 9 17 6 1
1196 9 18 6 1
1195 9 19 6 1
12 9 19 6 1
28 10 0 6 1
1193 10 1 6 1
1195 10 2 6 1
1194 10 3 6 1
1195 10 4 6 1
1195 10 5 6 1
1193 10 6 6 1
1196 10 7 6 1
1195 10 8 6 1
28 10 8 6 1
28 10 11 6 1
1196 10 12 6 1
1194 10 13 6 1
1196 10 14 6 1
1196 10 15 6 1
1194 10 16 6 1
1195 10 17 6 1
1194 10 18 6 1
1195 10 19 6 1
30 10 19 6 1
28 11 0 6 1
1193 11 1 6 1
1195 11 2 6 1
1196 11 3 6 1
1195 11 4 6 1
1194 11 5 6 1
1194 11 6 6 1
1193 11 7 6 1
1193 11 8 6 1
28 11 8 6 1
28 11 11 6 1
1196 11 12 6 1
1196 11 13 6 1
1195 11 14 6 1
1196 11 15 6 1
1193 11 16 6 1
1195 11 17 6 1
1193 11 18 6 1
1196 11 19 6 1
28 11 19 6 1
28 12 0 6 1
1196 12 1 6 1
1195 12 2 6 1
1194 12 3 6 1
1196 12 4 6 1
1194 12 5 6 1
1196 12 6 6 1
1196 12 7 6 1
1196 12 8 6 1
28 12 8 6 1
33 12 11 6 1
1195 12 12 6 1
27 12 12 6 1
1196 12 13 6 1
32 12 13 6 1
1193 12 14 6 1
11 12 14 6 1
1195 12 15 6 1
8 12 15 6 1
1195 12 16 6 1
8 12 16 6 1
1194 12 17 6 1
13 12 17 6 1
1193 12 18 6 1
31 12 18 6 1
1196 12 19 6 1
33 12 19 6 1
32 12 19 6 1
28 13 0 6 1
1195 13 1 6 1
1196 13 2 6 1
1195 13 3 6 1
1194 13 4 6 1
1195 13 5 6 1
1193 13 6 6 1
1196 13 7 6 1
1194 13 8 6 1
28 13 8 6 1
28 14 0 6 1
1194 14 1 6 1
1196 14 2 6 1
1195 14 3 6 1
1193 14 4 6 1
1195 14 5 6 1
1194 14 6 6 1
1196 14 7 6 1
1195 14 8 6 1
33 14 8 6 1
28 15 0 6 1
1194 15 1 6 1
1194 15 2 6 1
1195 15 3 6 1
1194 15 4 6 1
1196 15 5 6 1
1196 15 6 6 1
1193 15 7 6 1
1196 15 8 6 1
10 15 8 6 1
28 16 0 6 1
1196 16 1 6 1
1848 16 1 6 1
1848 16 1 11 1
1848 16 1 16 1
1848 16 1 21 1
1195 16 2 6 1
1848 16 2 6 1
1848 16 2 11 1
1848 16 2 16 1
1848 16 2 21 1
1195 16 3 6 1
1195 16 4 6 1
1196 16 5 6 1
1195 16 6 6 1
1195 16 7 6 1
1193 16 8 6 1
14 16 8 6 1
28 17 0 6 1
1196 17 1 6 1
1848 17 1 6 1
1848 17 1 11 1
1848 17 1 16 1
1850 17 1 21 1
1194 17 2 6 1
1848 17 2 6 1
1848 17 2 11 1
1848 17 2 16 1
1850 17 2 21 1
2245 17 2 23 1
1193 17 3 6 1
1196 17 4 6 1
1194 17 5 6 1
1194 17 6 6 1
1196 17 7 6 1
1193 17 8 6 1
1701 17 8 6 1
28 18 0 6 1
1196 18 1 6 1
1848 18 1 6 1
1848 18 1 11 1
1850 18 1 16 1
1194 18 2 6 1
1848 18 2 6 1
1848 18 2 11 1
1850 18 2 16 1
2245 18 2 18 1
1194 18 3 6 1
1195 18 4 6 1
1196 18 5 6 1
1193 18 6 6 1
1194 18 7 6 1
1195 18 8 6 1
1703 18 8 6 1
28 19 0 6 1
1195 19 1 6 1
1848 19 1 6 1
1850 19 1 11 1
1195 19 2 6 1
1848 19 2 6 1
1850 19 2 11 1
2245 19 2 13 1
1194 19 3 6 1
1196 19 4 6 1
1194 19 5 6 1
1194 19 6 6 1
1196 19 7 6 1
1196 19 8 6 1
14 19 8 6 1
28 20 0 6 1
1195 20 1 6 1
1850 20 1 6 1
1196 20 2 6 1
1850 20 2 6 1
2245 20 2 8 1
1195 20 3 6 1
1196 20 4 6 1
1194 20 5 6 1
1194 20 6 6 1
1195 20 7 6 1
1195 20 8 6 1
1701 20 8 6 1
28 21 0 6 1
1193 21 1 6 1
1195 21 2 6 1
1193 21 3 6 1
1193 21 4 6 1
1194 21 5 6 1
1193 21 6 6 1
1193 21 7 6 1
1193 21 8 6 1
1703 21 8 6 1
28 22 0 6 1
1195 22 1 6 1
1195 22 2 6 1
1195 22 3 6 1
1195 22 4 6 1
1194 22 5 6 1
1195 22 6 6 1
1193 22 7 6 1
1196 22 8 6 1
14 22 8 6 1
28 23 0 6 1
1194 23 1 6 1
1196 23 2 6 1
1196 23 3 6 1
1193 23 4 6 1
1193 23 5 6 1
1196 23 6 6 1
1195 23 7 6 1
1195 23 8 6 1
12 23 8 6 1
28 24 0 6 1
1194 24 1 6 1
1193 24 2 6 1
1193 24 3 6 1
1195 24 4 6 1
1196 24 5 6 1
1196 24 6 6 1
1195 24 7 6 1
1194 24 8 6 1
30 24 8 6 1
28 25 0 6 1
1196 25 1 6 1
1195 25 2 6 1
1194 25 3 6 1
1194 25 4 6 1
1196 25 5 6 1
1193 25 6 6 1
1194 25 7 6 1
1194 25 8 6 1
28 25 8 6 1
28 26 0 6 1
1195 26 1 6 1
1194 26 2 6 1
1194 26 3 6 1
1196 26 4 6 1
1195 26 5 6 1
1194 26 6 6 1
1194 26 7 6 1
1193 26 8 6 1
28 26 8 6 1
29 26 11 6 1
27 26 12 6 1
32 26 13 6 1
11 26 14 6 1
8 26 15 6 1
8 26 16 6 1
13 26 17 6 1
31 26 18 6 1
32 26 19 6 1
28 27 0 6 1
1195 27 1 6 1
1195 27 2 6 1
1195 27 3 6 1
1194 27 4 6 1
1194 27 5 6 1
1194 27 6 6 1
1195 27 7 6 1
1194 27 8 6 1
28 27 8 6 1
28 27 11 6 1
1196 27 12 6 1
1194 27 13 6 1
1196 27 14 6 1
1193 27 15 6 1
1194 27 16 6 1
1196 27 17 6 1
1196 27 18 6 1
1193 27 19 6 1
28 27 19 6 1
28 28 0 6 1
1196 28 1 6 1
1195 28 2 6 1
1196 28 3 6 1
1193 28 4 6 1
1196 28 5 6 1
1194 28 6 6 1
1193 28 7 6 1
1195 28 8 6 1
28 28 8 6 1
28 28 11 6 1
1194 28 12 6 1
1195 28 13 6 1
1195 28 14 6 1
1196 28 15 6 1
1196 28 16 6 1
1196 28 17 6 1
1194 28 18 6 1
1196 28 19 6 1
28 28 19 6 1
28 29 0 6 1
1196 29 1 6 1
1193 29 2 6 1
1195 29 3 6 1
1195 29 4 6 1
1193 29 5 6 1
1196 29 6 6 1
1193 29 7 6 1
1193 29 8 6 1
28 29 8 6 1
28 29 11 6 1
1194 29 12 6 1
1194 29 13 6 1
1193 29 14 6 1
1194 29 15 6 1
1196 29 16 6 1
1194 29 17 6 1
1193 29 18 6 1
1194 29 19 6 1
33 29 19 6 1
28 30 0 6 1
1195 30 1 6 1
1195 30 2 6 1
1195 30 3 6 1
1196 30 4 6 1
1195 30 5 6 1
1196 30 6 6 1
1196 30 7 6 1
1196 30 8 6 1
33 30 8 6 1
27 30 9 6 1
27 30 10 6 1
32 30 11 6 1
33 30 11 6 1
1196 30 12 6 1
1194 30 13 6 1
1193 30 14 6 1
1193 30 15 6 1
1193 30 16 6 1
1195 30 17 6 1
1194 30 18 6 1
1193 30 19 6 1
10 30 19 6 1
28 31 0 6 1
1194 31 1 6 1
1193 31 2 6 1
1194 31 3 6 1
1193 31 4 6 1
1195 31 5 6 1
1193 31 6 6 1
1193 31 7 6 1
1195 31 8 6 1
1196 31 9 6 1
1195 31 10 6 1
1196 31 11 6 1
1195 31 12 6 1
1196 31 13 6 1
1196 31 14 6 1
1195 31 15 6 1
1195 31 16 6 1
1195 31 17 6 1
1196 31 18 6 1
1196 31 19 6 1
14 31 19 6 1
28 32 0 6 1
1196 32 1 6 1
1196 32 2 6 1
1193 32 3 6 1
1196 32 4 6 1
1196 32 5 6 1
1193 32 6 6 1
1196 32 7 6 1
1194 32 8 6 1
1196 32 9 6 1
1194 32 10 6 1
1196 32 11 6 1
1196 32 12 6 1
1193 32 13 6 1
1195 32 14 6 1
1193 32 15 6 1
1194 32 16 6 1
1196 32 17 6 1
1195 32 18 6 1
1194 32 19 6 1
7 32 19 6 1
28 33 0 6 1
1196 33 1 6 1
1194 33 2 6 1
1195 33 3 6 1
1196 33 4 6 1
1193 33 5 6 1
1193 33 6 6 1
1193 33 7 6 1
1193 33 8 6 1
1194 33 9 6 1
1193 33 10 6 1
1195 33 11 6 1
1195 33 12 6 1
1194 33 13 6 1
1194 33 14 6 1
1195 33 15 6 1
1193 33 16 6 1
1193 33 17 6 1
1194 33 18 6 1
1194 33 19 6 1
7 33 19 6 1
28 34 0 6 1
1194 34 1 6 1
1196 34 2 6 1
1196 34 3 6 1
1196 34 4 6 1
1194 34 5 6 1
1194 34 6 6 1
1196 34 7 6 1
1195 34 8 6 1
1196 34 9 6 1
1196 34 10 6 1
1195 34 11 6 1
1194 34 12 6 1
1196 34 13 6 1
1193 34 14 6 1
1193 34 15 6 1
1196 34 16 6 1
1194 34 17 6 1
1194 34 18 6 1
1193 34 19 6 1
14 34 19 6 1
28 35 0 6 1
1196 35 1 6 1
1195 35 2 6 1
1196 35 3 6 1
1196 35 4 6 1
1194 35 5 6 1
1193 35 6 6 1
1194 35 7 6 1
1195 35 8 6 1
1194 35 9 6 1
1195 35 10 6 1
1194 35 11 6 1
1194 35 12 6 1
1196 35 13 6 1
1193 35 14 6 1
1194 35 15 6 1
1193 35 16 6 1
1195 35 17 6 1
1193 35 18 6 1
1195 35 19 6 1
12 35 19 6 1
28 36 0 6 1
1193 36 1 6 1
1194 36 2 6 1
1193 36 3 6 1
1195 36 4 6 1
1193 36 5 6 1
1194 36 6 6 1
1195 36 7 6 1
1196 36 8 6 1
1196 36 9 6 1
1195 36 10 6 1
1193 36 11 6 1
1195 36 12 6 1
1194 36 13 6 1
1196 36 14 6 1
1193 36 15 6 1
1194 36 16 6 1
1195 36 17 6 1
1195 36 18 6 1
1196 36 19 6 1
30 36 19 6 1
28 37 0 6 1
1194 37 1 6 1
1195 37 2 6 1
1193 37 3 6 1
1195 37 4 6 1
1195 37 5 6 1
1196 37 6 6 1
1194 37 7 6 1
1194 37 8 6 1
1195 37 9 6 1
1193 37 10 6 1
1194 37 11 6 1
1196 37 12 6 1
1195 37 13 6 1
1195 37 14 6 1
1196 37 15 6 1
1193 37 16 6 1
1195 37 17 6 1
1196 37 18 6 1
1193 37 19 6 1
28 37 19 6 1
33 38 0 6 1
1195 38 1 6 1
27 38 1 6 1
1195 38 2 6 1
27 38 2 6 1
1196 38 3 6 1
32 38 3 6 1
1194 38 4 6 1
11 38 4 6 1
1194 38 5 6 1
8 38 5 6 1
1193 38 6 6 1
15 38 6 6 1
1193 38 7 6 1
8 38 7 6 1
1193 38 8 6 1
13 38 8 6 1
1193 38 9 6 1
31 38 9 6 1
1195 38 10 6 1
27 38 10 6 1
1196 38 11 6 1
32 38 11 6 1
1196 38 12 6 1
11 38 12 6 1
1196 38 13 6 1
8 38 13 6 1
1195 38 14 6 1
15 38 14 6 1
1195 38 15 6 1
8 38 15 6 1
1196 38 16 6 1
13 38 16 6 1
1193 38 17 6 1
31 38 17 6 1
1193 38 18 6 1
27 38 18 6 1
1196 38 19 6 1
33 38 19 6 1
32 38 19 6 1
29 0 0 26 1
27 0 1 26 1
27 0 2 26 1
32 0 3 26 1
11 0 4 26 1
8 0 5 26 1
15 0 6 26 1
8 0 7 26 1
13 0 8 26 1
31 0 9 26 1
27 0 10 26 1
32 0 11 26 1
11 0 12 26 1
8 0 13 26 1
15 0 14 26 1
8 0 15 26 1
13 0 16 26 1
31 0 17 26 1
27 0 18 26 1
32 0 19 26 1
28 1 0 26 1
1205 1 1 26 1
1206 1 2 26 1
1207 1 3 26 1
1206 1 4 26 1
1206 1 5 26 1
1208 1 6 26 1
1205 1 7 26 1
1207 1 8 26 1
1207 1 9 26 1
1208 1 10 26 1
1206 1 11 26 1
1205 1 12 26 1
1206 1 13 26 1
1207 1 14 26 1
1207 1 15 26 1
1205 1 16 26 1
1208 1 17 26 1
1208 1 18 26 1
1207 1 19 26 1
28 1 19 26 1
28 2 0 26 1
1205 2 1 26 1
1208 2 2 26 1
1207 2 3 26 1
1205 2 4 26 1
1206 2 5 26 1
1208 2 6 26 1
1208 2 7 26 1
1205 2 8 26 1
1205 2 9 26 1
1205 2 10 26 1
1205 2 11 26 1
1208 2 12 26 1
1208 2 13 26 1
1205 2 14 26 1
1205 2 15 26 1
1206 2 16 26 1
1207 2 17 26 1
1205 2 18 26 1
1208 2 19 26 1
28 2 19 26 1
28 3 0 26 1
1207 3 1 26 1
1208 3 2 26 1
1205 3 3 26 1
1207 3 4 26 1
1205 3 5 26 1
1205 3 6 26 1
1208 3 7 26 1
1207 3 8 26 1
1205 3 9 26 1
1208 3 10 26 1
1207 3 11 26 1
1205 3 12 26 1
1206 3 13 26 1
1207 3 14 26 1
1205 3 15 26 1
1205 3 16 26 1
1207 3 17 26 1
1207 3 18 26 1
1205 3 19 26 1
33 3 19 26 1
28 4 0 26 1
1206 4 1 26 1
1206 4 2 26 1
1207 4 3 26 1
1207 4 4 26 1
1205 4 5 26 1
1207 4 6 26 1
1206 4 7 26 1
1208 4 8 26 1
1207 4 9 26 1
1205 4 10 26 1
1206 4 11 26 1
1205 4 12 26 1
1208 4 13 26 1
1205 4 14 26 1
1208 4 15 26 1
1206 4 16 26 1
1207 4 17 26 1
1208 4 18 26 1
1205 4 19 26 1
10 4 19 26 1
34 5 0 26 1
1207 5 1 26 1
1205 5 2 26 1
1206 5 3 26 1
1206 5 4 26 1
1207 5 5 26 1
1206 5 6 26 1
1206 5 7 26 1
1205 5 8 26 1
1208 5 9 26 1
1206 5 10 26 1
1208 5 11 26 1
1208 5 12 26 1
1206 5 13 26 1
1208 5 14 26 1
1206 5 15 26 1
1208 5 16 26 1
1206 5 17 26 1
1205 5 18 26 1
1206 5 19 26 1
14 5 19 26 1
28 6 0 26 1
1208 6 1 26 1
1205 6 2 26 1
1207 6 3 26 1
1206 6 4 26 1
1206 6 5 26 1
1206 6 6 26 1
1208 6 7 26 1
1207 6 8 26 1
1208 6 9 26 1
1208 6 10 26 1
1206 6 11 26 1
1206 6 12 26 1
1206 6 13 26 1
1206 6 14 26 1
1206 6 15 26 1
1205 6 16 26 1
1205 6 17 26 1
1208 6 18 26 1
1205 6 19 26 1
7 6 19 26 1
28 7 0 26 1
1208 7 1 26 1
1205 7 2 26 1
1208 7 3 26 1
1207 7 4 26 1
1207 7 5 26 1
1206 7 6 26 1
1208 7 7 26 1
1205 7 8 26 1
1208 7 9 26 1
1206 7 10 26 1
1206 7 11 26 1
1206 7 12 26 1
1206 7 13 26 1
1205 7 14 26 1
1206 7 15 26 1
1208 7 16 26 1
1208 7 17 26 1
1208 7 18 26 1
1207 7 19 26 1
7 7 19 26 1
34 8 0 26 1
1205 8 1 26 1
1208 8 2 26 1
1208 8 3 26 1
1208 8 4 26 1
1206 8 5 26 1
1205 8 6 26 1
1206 8 7 26 1
1208 8 8 26 1
29 8 8 26 1
1207 8 9 26 1
27 8 9 26 1
1207 8 10 26 1
27 8 10 26 1
1208 8 11 26 1
27 8 11 26 1
1208 8 12 26 1
1206 8 13 26 1
1208 8 14 26 1
1206 8 15 26 1
1205 8 16 26 1
1205 8 17 26 1
1205 8 18 26 1
1207 8 19 26 1
14 8 19 26 1
28 9 0 26 1
1205 9 1 26 1
1208 9 2 26 1
1207 9 3 26 1
1205 9 4 26 1
1208 9 5 26 1
1205 9 6 26 1
1207 9 7 26 1
1207 9 8 26 1
28 9 8 26 1
28 9 11 26 1
1206 9 12 26 1
1206 9 13 26 1
1208 9 14 26 1
1206 9 15 26 1
1208 9 16 26 1
1206 9 17 26 1
1205 9 18 26 1
1208 9 19 26 1
12 9 19 26 1
28 10 0 26 1
1205 10 1 26 1
1205 10 2 26 1
1205 10 3 26 1
1206 10 4 26 1
1206 10 5 26 1
1205 10 6 26 1
1207 10 7 26 1
1208 10 8 26 1
28 10 8 26 1
28 10 11 26 1
1208 10 12 26 1
1207 10 13 26 1
1205 10 14 26 1
1206 10 15 26 1
1207 10 16 26 1
1207 10 17 26 1
1206 10 18 26 1
1206 10 19 26 1
30 10 19 26 1
28 11 0 26 1
1205 11 1 26 1
1205 11 2 26 1
1206 11 3 26 1
1206 11 4 26 1
1207 11 5 26 1
1205 11 6 26 1
1207 11 7 26 1
1206 11 8 26 1
28 11 8 26 1
28 11 11 26 1
1207 11 12 26 1
1206 11 13 26 1
1206 11 14 26 1
1208 11 15 26 1
1205 11 16 26 1
1207 11 17 26 1
1205 11 18 26 1
1207 11 19 26 1
28 11 19 26 1
28 12 0 26 1
1206 12 1 26 1
27 12 1 26 1
1208 12 2 26 1
35 12 2 26 1
1207 12 3 26 1
27 12 3 26 1
1208 12 4 26 1
1711 12 4 26 1
1206 12 5 26 1
1709 12 5 26 1
1205 12 6 26 1
27 12 6 26 1
1205 12 7 26 1
35 12 7 26 1
1205 12 8 26 1
26 12 8 26 1
33 12 11 26 1
1207 12 12 26 1
27 12 12 26 1
1207 12 13 26 1
32 12 13 26 1
1205 12 14 26 1
11 12 14 26 1
1206 12 15 26 1
8 12 15 26 1
1208 12 16 26 1
8 12 16 26 1
1208 12 17 26 1
13 12 17 26 1
1208 12 18 26 1
31 12 18 26 1
1207 12 19 26 1
32 12 19 26 1
33 12 19 26 1
28 13 0 26 1
1208 13 1 26 1
1206 13 2 26 1
1208 13 3 26 1
1207 13 4 26 1
1207 13 5 26 1
1207 13 6 26 1
1208 13 7 26 1
1207 13 8 26 1
28 13 8 26 1
37 14 0 26 1
47 14 0 34 1
1208 14 1 26 1
1206 14 2 26 1
1206 14 3 26 1
1208 14 4 26 1
1206 14 5 26 1
1206 14 6 26 1
1206 14 7 26 1
1207 14 8 26 1
37 14 8 26 1
47 14 8 34 1
37 15 0 26 1
1207 15 1 26 1
1205 15 2 26 1
1206 15 3 26 1
1205 15 4 26 1
1208 15 5 26 1
1208 15 6 26 1
1208 15 7 26 1
1208 15 8 26 1
37 15 8 26 1
18 16 0 26 1
1205 16 3 26 1
1205 16 4 26 1
1205 16 5 26 1
1208 16 6 26 1
1205 16 7 26 1
1206 16 8 26 1
18 16 8 26 1
18 17 0 26 1
1206 17 3 26 1
1207 17 4 26 1
1206 17 5 26 1
1206 17 6 26 1
1205 17 7 26 1
1206 17 8 26 1
18 17 8 26 1
18 18 0 26 1
1206 18 3 26 1
1208 18 4 26 1
1205 18 5 26 1
1207 18 6 26 1
1206 18 7 26 1
1206 18 8 26 1
18 18 8 26 1
18 19 0 26 1
1207 19 3 26 1
1207 19 4 26 1
1205 19 5 26 1
1207 19 6 26 1
1205 19 7 26 1
1206 19 8 26 1
18 19 8 26 1
18 20 0 26 1
1208 20 3 26 1
1205 20 4 26 1
1208 20 5 26 1
1205 20 6 26 1
1205 20 7 26 1
1206 20 8 26 1
18 20 8 26 1
18 21 0 26 1
1206 21 1 26 1
1208 21 2 26 1
1205 21 3 26 1
1207 21 4 26 1
1207 21 5 26 1
1206 21 6 26 1
1205 21 7 26 1
1208 21 8 26 1
18 21 8 26 1
18 22 0 26 1
1208 22 1 26 1
1207 22 2 26 1
1205 22 3 26 1
1205 22 4 26 1
1208 22 5 26 1
1206 22 6 26 1
1206 22 7 26 1
1205 22 8 26 1
18 22 8 26 1
18 23 0 26 1
1208 23 1 26 1
1206 23 2 26 1
1205 23 3 26 1
1207 23 4 26 1
1208 23 5 26 1
1208 23 6 26 1
1205 23 7 26 1
1206 23 8 26 1
18 23 8 26 1
37 24 0 26 1
1208 24 1 26 1
1206 24 2 26 1
1206 24 3 26 1
1207 24 4 26 1
1205 24 5 26 1
1206 24 6 26 1
1208 24 7 26 1
1206 24 8 26 1
37 24 8 26 1
37 25 0 26 1
47 25 0 34 1
1208 25 1 26 1
1205 25 2 26 1
1206 25 3 26 1
1208 25 4 26 1
1208 25 5 26 1
1208 25 6 26 1
1206 25 7 26 1
1205 25 8 26 1
37 25 8 26 1
47 25 8 34 1
28 26 0 26 1
1206 26 1 26 1
27 26 1 26 1
1208 26 2 26 1
35 26 2 26 1
1207 26 3 26 1
27 26 3 26 1
1207 26 4 26 1
1711 26 4 26 1
1206 26 5 26 1
1709 26 5 26 1
1206 26 6 26 1
27 26 6 26 1
1208 26 7 26 1
35 26 7 26 1
1208 26 8 26 1
26 26 8 26 1
29 26 11 26 1
27 26 12 26 1
32 26 13 26 1
11 26 14 26 1
8 26 15 26 1
8 26 16 26 1
13 26 17 26 1
31 26 18 26 1
32 26 19 26 1
28 27 0 26 1
1205 27 1 26 1
1208 27 2 26 1
1208 27 3 26 1
1206 27 4 26 1
1208 27 5 26 1
1206 27 6 26 1
1207 27 7 26 1
1206 27 8 26 1
28 27 8 26 1
28 27 11 26 1
1207 27 12 26 1
1207 27 13 26 1
1208 27 14 26 1
1207 27 15 26 1
1206 27 16 26 1
1206 27 17 26 1
1205 27 18 26 1
1205 27 19 26 1
28 27 19 26 1
28 28 0 26 1
1207 28 1 26 1
1208 28 2 26 1
1208 28 3 26 1
1206 28 4 26 1
1205 28 5 26 1
1206 28 6 26 1
1208 28 7 26 1
1207 28 8 26 1
28 28 8 26 1
28 28 11 26 1
1205 28 12 26 1
1206 28 13 26 1
1208 28 14 26 1
1205 28 15 26 1
1207 28 16 26 1
1207 28 17 26 1
1208 28 18 26 1
1206 28 19 26 1
28 28 19 26 1
28 29 0 26 1
1207 29 1 26 1
1207 29 2 26 1
1206 29 3 26 1
1207 29 4 26 1
1208 29 5 26 1
1206 29 6 26 1
1205 29 7 26 1
1208 29 8 26 1
28 29 8 26 1
28 29 11 26 1
1207 29 12 26 1
1207 29 13 26 1
1206 29 14 26 1
1205 29 15 26 1
1206 29 16 26 1
1207 29 17 26 1
1205 29 18 26 1
1206 29 19 26 1
33 29 19 26 1
28 30 0 26 1
1205 30 1 26 1
1205 30 2 26 1
1205 30 3 26 1
1208 30 4 26 1
1205 30 5 26 1
1207 30 6 26 1
1208 30 7 26 1
1206 30 8 26 1
28 30 8 26 1
27 30 9 26 1
27 30 10 26 1
26 30 11 26 1
1207 30 12 26 1
1206 30 13 26 1
1205 30 14 26 1
1207 30 15 26 1
1208 30 16 26 1
1208 30 17 26 1
1208 30 18 26 1
1207 30 19 26 1
10 30 19 26 1
34 31 0 26 1
1206 31 1 26 1
1207 31 2 26 1
1205 31 3 26 1
1206 31 4 26 1
1207 31 5 26 1
1207 31 6 26 1
1206 31 7 26 1
1207 31 8 26 1
1208 31 9 26 1
1206 31 10 26 1
1205 31 11 26 1
1205 31 12 26 1
1205 31 13 26 1
1205 31 14 26 1
1205 31 15 26 1
1205 31 16 26 1
1205 31 17 26 1
1208 31 18 26 1
1208 31 19 26 1
14 31 19 26 1
28 32 0 26 1
1205 32 1 26 1
1205 32 2 26 1
1208 32 3 26 1
1208 32 4 26 1
1207 32 5 26 1
1205 32 6 26 1
1206 32 7 26 1
1207 32 8 26 1
1206 32 9 26 1
1207 32 10 26 1
1205 32 11 26 1
1208 32 12 26 1
1208 32 13 26 1
1206 32 14 26 1
1208 32 15 26 1
1207 32 16 26 1
1207 32 17 26 1
1207 32 18 26 1
1205 32 19 26 1
7 32 19 26 1
28 33 0 26 1
1205 33 1 26 1
1208 33 2 26 1
1208 33 3 26 1
1205 33 4 26 1
1205 33 5 26 1
1208 33 6 26 1
1205 33 7 26 1
1208 33 8 26 1
1205 33 9 26 1
1205 33 10 26 1
1208 33 11 26 1
1208 33 12 26 1
1205 33 13 26 1
1207 33 14 26 1
1205 33 15 26 1
1206 33 16 26 1
1206 33 17 26 1
1207 33 18 26 1
1208 33 19 26 1
7 33 19 26 1
34 34 0 26 1
1206 34 1 26 1
1206 34 2 26 1
1205 34 3 26 1
1208 34 4 26 1
1205 34 5 26 1
1208 34 6 26 1
1207 34 7 26 1
1206 34 8 26 1
1205 34 9 26 1
1208 34 10 26 1
1205 34 11 26 1
1206 34 12 26 1
1206 34 13 26 1
1206 34 14 26 1
1208 34 15 26 1
1208 34 16 26 1
1208 34 17 26 1
1206 34 18 26 1
1205 34 19 26 1
14 34 19 26 1
28 35 0 26 1
1207 35 1 26 1
1208 35 2 26 1
1207 35 3 26 1
1205 35 4 26 1
1206 35 5 26 1
1207 35 6 26 1
1206 35 7 26 1
1207 35 8 26 1
1205 35 9 26 1
1206 35 10 26 1
1208 35 11 26 1
1205 35 12 26 1
1206 35 13 26 1
1205 35 14 26 1
1208 35 15 26 1
1205 35 16 26 1
1208 35 17 26 1
1208 35 18 26 1
1205 35 19 26 1
12 35 19 26 1
28 36 0 26 1
1207 36 1 26 1
1205 36 2 26 1
1207 36 3 26 1
1206 36 4 26 1
1205 36 5 26 1
1205 36 6 26 1
1208 36 7 26 1
1207 36 8 26 1
1207 36 9 26 1
1207 36 10 26 1
1206 36 11 26 1
1207 36 12 26 1
1205 36 13 26 1
1208 36 14 26 1
1206 36 15 26 1
1208 36 16 26 1
1208 36 17 26 1
1208 36 18 26 1
1205 36 19 26 1
30 36 19 26 1
28 37 0 26 1
1208 37 1 26 1
1206 37 2 26 1
1208 37 3 26 1
1206 37 4 26 1
1207 37 5 26 1
1205 37 6 26 1
1205 37 7 26 1
1208 37 8 26 1
1208 37 9 26 1
1206 37 10 26 1
1207 37 11 26 1
1206 37 12 26 1
1205 37 13 26 1
1208 37 14 26 1
1208 37 15 26 1
1207 37 16 26 1
1208 37 17 26 1
1205 37 18 26 1
1207 37 19 26 1
28 37 19 26 1
33 38 0 26 1
1206 38 1 26 1
27 38 1 26 1
1205 38 2 26 1
27 38 2 26 1
1207 38 3 26 1
32 38 3 26 1
1208 38 4 26 1
11 38 4 26 1
1208 38 5 26 1
8 38 5 26 1
1205 38 6 26 1
15 38 6 26 1
1208 38 7 26 1
8 38 7 26 1
1207 38 8 26 1
13 38 8 26 1
1208 38 9 26 1
31 38 9 26 1
1205 38 10 26 1
27 38 10 26 1
1205 38 11 26 1
32 38 11 26 1
1205 38 12 26 1
11 38 12 26 1
1208 38 13 26 1
8 38 13 26 1
1205 38 14 26 1
15 38 14 26 1
1207 38 15 26 1
8 38 15 26 1
1205 38 16 26 1
13 38 16 26 1
1207 38 17 26 1
31 38 17 26 1
1208 38 18 26 1
27 38 18 26 1
1208 38 19 26 1
32 38 19 26 1
33 38 19 26 1
1476 0 0 46 1
1476 0 1 46 1
1476 0 2 46 1
1476 0 3 46 1
1476 0 4 46 1
1476 0 5 46 1
1476 0 6 46 1
1476 0 7 46 1
1476 0 8 46 1
1476 0 9 46 1
1476 0 10 46 1
1476 0 11 46 1
1476 0 12 46 1
1476 0 13 46 1
1476 0 14 46 1
1476 0 15 46 1
1476 0 16 46 1
1476 0 17 46 1
1476 0 18 46 1
1476 0 19 46 1
1476 0 20 46 1
1476 1 0 49 1
1476 1 1 49 1
1476 1 2 49 1
1476 1 3 49 1
1476 1 4 49 1
1476 1 5 49 1
1476 1 6 49 1
1476 1 7 49 1
1476 1 8 49 1
1476 1 9 49 1
1476 1 10 49 1
1476 1 11 49 1
1476 1 12 49 1
1476 1 13 49 1
1476 1 14 49 1
1476 1 15 49 1
1476 1 16 49 1
1476 1 17 49 1
1476 1 18 49 1
1476 1 19 49 1
1476 1 20 49 1
1476 2 0 52 1
1476 2 1 52 1
1476 2 2 52 1
1476 2 3 52 1
1476 2 4 52 1
1476 2 5 52 1
1476 2 6 52 1
1476 2 7 52 1
1476 2 8 52 1
1476 2 9 52 1
1476 2 10 52 1
1476 2 11 52 1
1476 2 12 52 1
1476 2 13 52 1
1476 2 14 52 1
1476 2 15 52 1
1476 2 16 52 1
1476 2 17 52 1
1476 2 18 52 1
37 2 19 46 1
1476 2 19 52 1
1476 2 20 52 1
1476 3 0 55 1
1476 3 1 55 1
1476 3 2 55 1
1476 3 3 55 1
1476 3 4 55 1
1476 3 5 55 1
1476 3 6 55 1
1476 3 7 55 1
1476 3 8 55 1
1476 3 9 55 1
1476 3 10 55 1
1476 3 11 55 1
1476 3 12 55 1
1476 3 13 55 1
1476 3 14 55 1
1476 3 15 55 1
1476 3 16 55 1
1476 3 17 55 1
1476 3 18 55 1
37 3 19 46 1
1476 3 19 55 1
1476 3 20 55 1
1476 4 0 58 1
1476 4 1 58 1
1476 4 2 58 1
1476 4 3 58 1
1476 4 4 58 1
1476 4 5 58 1
1476 4 6 58 1
1476 4 7 58 1
1476 4 8 58 1
1476 4 9 58 1
1476 4 10 58 1
1476 4 11 58 1
1476 4 12 58 1
1476 4 13 58 1
1476 4 14 58 1
1476 4 15 58 1
1476 4 16 58 1
1476 4 17 58 1
1476 4 18 58 1
18 4 19 46 1
1476 4 19 58 1
1476 4 20 58 1
1476 5 0 61 1
1476 5 1 61 1
1476 5 2 61 1
1476 5 3 61 1
1476 5 4 61 1
1476 5 5 61 1
1476 5 6 61 1
1476 5 7 61 1
1476 5 8 61 1
1476 5 9 61 1
1476 5 10 61 1
1476 5 11 61 1
1476 5 12 61 1
1476 5 13 61 1
1476 5 14 61 1
1476 5 15 61 1
1476 5 16 61 1
1476 5 17 61 1
1476 5 18 61 1
18 5 19 46 1
22 5 19 56 1
1476 5 19 61 1
1476 5 20 61 1
1476 6 0 64 1
1476 6 1 64 1
1476 6 2 64 1
1476 6 3 64 1
1476 6 4 64 1
1476 6 5 64 1
1476 6 6 64 1
1476 6 7 64 1
1476 6 8 64 1
1476 6 9 64 1
1476 6 10 64 1
1476 6 11 64 1
1476 6 12 64 1
1476 6 13 64 1
1476 6 14 64 1
1476 6 15 64 1
1476 6 16 64 1
1476 6 17 64 1
1476 6 18 64 1
18 6 19 46 1
18 6 19 56 1
1476 6 19 64 1
1476 6 20 64 1
1475 7 0 64 1
1475 7 1 64 1
1475 7 2 64 1
1475 7 3 64 1
1475 7 4 64 1
1475 7 5 64 1
1475 7 6 64 1
1475 7 7 64 1
1475 7 8 64 1
1475 7 9 64 1
1475 7 10 64 1
1475 7 11 64 1
1475 7 12 64 1
1475 7 13 64 1
1475 7 14 64 1
1475 7 15 64 1
1475 7 16 64 1
1475 7 17 64 1
1475 7 18 64 1
18 7 19 46 1
18 7 19 56 1
1475 7 19 64 1
1475 7 20 64 1
1475 8 0 61 1
1475 8 1 61 1
1475 8 2 61 1
1475 8 3 61 1
1475 8 4 61 1
1475 8 5 61 1
1475 8 6 61 1
1475 8 7 61 1
1475 8 8 61 1
1475 8 9 61 1
1475 8 10 61 1
1475 8 11 61 1
1475 8 12 61 1
1475 8 13 61 1
1475 8 14 61 1
1475 8 15 61 1
1475 8 16 61 1
1475 8 17 61 1
1475 8 18 61 1
18 8 19 46 1
22 8 19 56 1
1475 8 19 61 1
1475 8 20 61 1
1475 9 0 58 1
1475 9 1 58 1
1475 9 2 58 1
1475 9 3 58 1
1475 9 4 58 1
1475 9 5 58 1
1475 9 6 58 1
1475 9 7 58 1
1475 9 8 58 1
1475 9 9 58 1
1475 9 10 58 1
1475 9 11 58 1
1475 9 12 58 1
1475 9 13 58 1
1475 9 14 58 1
1475 9 15 58 1
1475 9 16 58 1
1475 9 17 58 1
1475 9 18 58 1
18 9 19 46 1
1475 9 19 58 1
1475 9 20 58 1
1475 10 0 55 1
1475 10 1 55 1
1475 10 2 55 1
1475 10 3 55 1
1475 10 4 55 1
1475 10 5 55 1
1475 10 6 55 1
1475 10 7 55 1
1475 10 8 55 1
1475 10 9 55 1
1475 10 10 55 1
1475 10 11 55 1
1475 10 12 55 1
1475 10 13 55 1
1475 10 14 55 1
1475 10 15 55 1
1475 10 16 55 1
1475 10 17 55 1
1475 10 18 55 1
37 10 19 46 1
1475 10 19 55 1
1475 10 20 55 1
1475 11 0 52 1
1475 11 1 52 1
1475 11 2 52 1
1475 11 3 52 1
1475 11 4 52 1
1475 11 5 52 1
1475 11 6 52 1
1475 11 7 52 1
1475 11 8 52 1
1475 11 9 52 1
1475 11 10 52 1
1475 11 11 52 1
1475 11 12 52 1
1475 11 13 52 1
1475 11 14 52 1
1475 11 15 52 1
1475 11 16 52 1
1475 11 17 52 1
1475 11 18 52 1
37 11 19 46 1
1475 11 19 52 1
1475 11 20 52 1
1475 12 0 49 1
1475 12 1 49 1
1475 12 2 49 1
1475 12 3 49 1
1475 12 4 49 1
1475 12 5 49 1
1475 12 6 49 1
1475 12 7 49 1
1475 12 8 49 1
1475 12 9 49 1
1475 12 10 49 1
1475 12 11 49 1
1475 12 12 49 1
1475 12 13 49 1
1475 12 14 49 1
1475 12 15 49 1
1475 12 16 49 1
1475 12 17 49 1
1475 12 18 49 1
1475 12 19 49 1
1475 12 20 49 1
1475 13 0 46 1
1475 13 1 46 1
1475 13 2 46 1
1475 13 3 46 1
1475 13 4 46 1
1475 13 5 46 1
1475 13 6 46 1
1475 13 7 46 1
1475 13 8 46 1
1475 13 9 46 1
1475 13 10 46 1
1475 13 11 46 1
1475 13 12 46 1
1475 13 13 46 1
1475 13 14 46 1
1475 13 15 46 1
1475 13 16 46 1
1475 13 17 46 1
1475 13 18 46 1
1475 13 19 46 1
1475 13 20 46 1
1476 26 0 46 1
1476 26 1 46 1
1476 26 2 46 1
1476 26 3 46 1
1476 26 4 46 1
1476 26 5 46 1
1476 26 6 46 1
1476 26 7 46 1
1476 26 8 46 1
1476 26 9 46 1
1476 26 10 46 1
1476 26 11 46 1
1476 26 12 46 1
1476 26 13 46 1
1476 26 14 46 1
1476 26 15 46 1
1476 26 16 46 1
1476 26 17 46 1
1476 26 18 46 1
1476 26 19 46 1
1476 26 20 46 1
1476 27 0 49 1
1476 27 1 49 1
1476 27 2 49 1
1476 27 3 49 1
1476 27 4 49 1
1476 27 5 49 1
1476 27 6 49 1
1476 27 7 49 1
1476 27 8 49 1
1476 27 9 49 1
1476 27 10 49 1
1476 27 11 49 1
1476 27 12 49 1
1476 27 13 49 1
1476 27 14 49 1
1476 27 15 49 1
1476 27 16 49 1
1476 27 17 49 1
1476 27 18 49 1
1476 27 19 49 1
1476 27 20 49 1
1476 28 0 52 1
1476 28 1 52 1
1476 28 2 52 1
1476 28 3 52 1
1476 28 4 52 1
1476 28 5 52 1
1476 28 6 52 1
1476 28 7 52 1
1476 28 8 52 1
1476 28 9 52 1
1476 28 10 52 1
1476 28 11 52 1
1476 28 12 52 1
1476 28 13 52 1
1476 28 14 52 1
1476 28 15 52 1
1476 28 16 52 1
1476 28 17 52 1
1476 28 18 52 1
37 28 19 46 1
1476 28 19 52 1
1476 28 20 52 1
1476 29 0 55 1
1476 29 1 55 1
1476 29 2 55 1
1476 29 3 55 1
1476 29 4 55 1
1476 29 5 55 1
1476 29 6 55 1
1476 29 7 55 1
1476 29 8 55 1
1476 29 9 55 1
1476 29 10 55 1
1476 29 11 55 1
1476 29 12 55 1
1476 29 13 55 1
1476 29 14 55 1
1476 29 15 55 1
1476 29 16 55 1
1476 29 17 55 1
1476 29 18 55 1
37 29 19 46 1
1476 29 19 55 1
1476 29 20 55 1
1476 30 0 58 1
1476 30 1 58 1
1476 30 2 58 1
1476 30 3 58 1
1476 30 4 58 1
1476 30 5 58 1
1476 30 6 58 1
1476 30 7 58 1
1476 30 8 58 1
1476 30 9 58 1
1476 30 10 58 1
1476 30 11 58 1
1476 30 12 58 1
1476 30 13 58 1
1476 30 14 58 1
1476 30 15 58 1
1476 30 16 58 1
1476 30 17 58 1
1476 30 18 58 1
18 30 19 46 1
1476 30 19 58 1
1476 30 20 58 1
1476 31 0 61 1
1476 31 1 61 1
1476 31 2 61 1
1476 31 3 61 1
1476 31 4 61 1
1476 31 5 61 1
1476 31 6 61 1
1476 31 7 61 1
1476 31 8 61 1
1476 31 9 61 1
1476 31 10 61 1
1476 31 11 61 1
1476 31 12 61 1
1476 31 13 61 1
1476 31 14 61 1
1476 31 15 61 1
1476 31 16 61 1
1476 31 17 61 1
1476 31 18 61 1
18 31 19 46 1
22 31 19 56 1
1476 31 19 61 1
1476 31 20 61 1
1476 32 0 64 1
1476 32 1 64 1
1476 32 2 64 1
1476 32 3 64 1
1476 32 4 64 1
1476 32 5 64 1
1476 32 6 64 1
1476 32 7 64 1
1476 32 8 64 1
1476 32 9 64 1
1476 32 10 64 1
1476 32 11 64 1
1476 32 12 64 1
1476 32 13 64 1
1476 32 14 64 1
1476 32 15 64 1
1476 32 16 64 1
1476 32 17 64 1
1476 32 18 64 1
18 32 19 46 1
18 32 19 56 1
1476 32 19 64 1
1476 32 20 64 1
1475 33 0 64 1
1475 33 1 64 1
1475 33 2 64 1
1475 33 3 64 1
1475 33 4 64 1
1475 33 5 64 1
1475 33 6 64 1
1475 33 7 64 1
1475 33 8 64 1
1475 33 9 64 1
1475 33 10 64 1
1475 33 11 64 1
1475 33 12 64 1
1475 33 13 64 1
1475 33 14 64 1
1475 33 15 64 1
1475 33 16 64 1
1475 33 17 64 1
1475 33 18 64 1
18 33 19 46 1
18 33 19 56 1
1475 33 19 64 1
1475 33 20 64 1
1475 34 0 61 1
1475 34 1 61 1
1475 34 2 61 1
1475 34 3 61 1
1475 34 4 61 1
1475 34 5 61 1
1475 34 6 61 1
1475 34 7 61 1
1475 34 8 61 1
1475 34 9 61 1
1475 34 10 61 1
1475 34 11 61 1
1475 34 12 61 1
1475 34 13 61 1
1475 34 14 61 1
1475 34 15 61 1
1475 34 16 61 1
1475 34 17 61 1
1475 34 18 61 1
18 34 19 46 1
22 34 19 56 1
1475 34 19 61 1
1475 34 20 61 1
1475 35 0 58 1
1475 35 1 58 1
1475 35 2 58 1
1475 35 3 58 1
1475 35 4 58 1
1475 35 5 58 1
1475 35 6 58 1
1475 35 7 58 1
1475 35 8 58 1
1475 35 9 58 1
1475 35 10 58 1
1475 35 11 58 1
1475 35 12 58 1
1475 35 13 58 1
1475 35 14 58 1
1475 35 15 58 1
1475 35 16 58 1
1475 35 17 58 1
1475 35 18 58 1
18 35 19 46 1
1475 35 19 58 1
1475 35 20 58 1
1475 36 0 55 1
1475 36 1 55 1
1475 36 2 55 1
1475 36 3 55 1
1475 36 4 55 1
1475 36 5 55 1
1475 36 6 55 1
1475 36 7 55 1
1475 36 8 55 1
1475 36 9 55 1
1475 36 10 55 1
1475 36 11 55 1
1475 36 12 55 1
1475 36 13 55 1
1475 36 14 55 1
1475 36 15 55 1
1475 36 16 55 1
1475 36 17 55 1
1475 36 18 55 1
37 36 19 46 1
1475 36 19 55 1
1475 36 20 55 1
1475 37 0 52 1
1475 37 1 52 1
1475 37 2 52 1
1475 37 3 52 1
1475 37 4 52 1
1475 37 5 52 1
1475 37 6 52 1
1475 37 7 52 1
1475 37 8 52 1
1475 37 9 52 1
1475 37 10 52 1
1475 37 11 52 1
1475 37 12 52 1
1475 37 13 52 1
1475 37 14 52 1
1475 37 15 52 1
1475 37 16 52 1
1475 37 17 52 1
1475 37 18 52 1
37 37 19 46 1
1475 37 19 52 1
1475 37 20 52 1
1475 38 0 49 1
1475 38 1 49 1
1475 38 2 49 1
1475 38 3 49 1
1475 38 4 49 1
1475 38 5 49 1
1475 38 6 49 1
1475 38 7 49 1
1475 38 8 49 1
1475 38 9 49 1
1475 38 10 49 1
1475 38 11 49 1
1475 38 12 49 1
1475 38 13 49 1
1475 38 14 49 1
1475 38 15 49 1
1475 38 16 49 1
1475 38 17 49 1
1475 38 18 49 1
1475 38 19 49 1
1475 38 20 49 1
1475 39 0 46 1
1475 39 1 46 1
1475 39 2 46 1
1475 39 3 46 1
1475 39 4 46 1
1475 39 5 46 1
1475 39 6 46 1
1475 39 7 46 1
1475 39 8 46 1
1475 39 9 46 1
1475 39 10 46 1
1475 39 11 46 1
1475 39 12 46 1
1475 39 13 46 1
1475 39 14 46 1
1475 39 15 46 1
1475 39 16 46 1
1475 39 17 46 1
1475 39 18 46 1
1475 39 19 46 1
1475 39 20 46 1
