6 version
1 template id
-1 item version
1484 num components
48 0 0 0 1
48 0 0 3 1
46 0 1 0 1
46 0 1 3 1
46 0 2 0 1
46 0 2 3 1
46 0 3 0 1
46 0 3 3 1
46 0 4 0 1
46 0 4 3 1
46 0 5 0 1
46 0 5 3 1
46 0 6 0 1
46 0 6 3 1
46 0 7 0 1
46 0 7 3 1
46 0 8 0 1
46 0 8 3 1
46 0 9 0 1
46 0 9 3 1
46 0 10 0 1
46 0 10 3 1
47 1 0 0 1
47 1 0 3 1
47 1 10 0 1
47 1 10 3 1
47 2 0 0 1
47 2 0 3 1
47 2 10 0 1
47 2 10 3 1
46 2 11 0 1
46 2 11 3 1
46 2 12 0 1
46 2 12 3 1
46 2 13 0 1
46 2 13 3 1
46 2 14 0 1
46 2 14 3 1
46 2 15 0 1
46 2 15 3 1
21 2 16 0 1
21 2 17 0 1
21 2 18 0 1
21 2 19 0 1
21 2 20 0 1
47 3 0 0 1
47 3 0 3 1
47 3 15 0 1
47 3 15 3 1
23 3 19 0 1
20 3 20 0 1
47 4 0 0 1
47 4 0 3 1
47 4 15 0 1
47 4 15 3 1
1848 4 19 0 1
1849 4 20 0 1
47 5 0 0 1
47 5 0 3 1
47 5 15 0 1
47 5 15 3 1
1848 5 19 0 1
1849 5 20 0 1
47 6 0 0 1
47 6 0 3 1
47 6 15 0 1
47 6 15 3 1
22 6 20 0 1
47 7 0 0 1
47 7 0 3 1
47 7 15 0 1
47 7 15 3 1
46 7 16 0 1
46 7 16 3 1
46 7 17 0 1
46 7 17 3 1
46 7 18 0 1
46 7 18 3 1
46 7 19 0 1
46 7 19 3 1
46 7 20 0 1
22 7 20 0 1
46 7 20 3 1
47 8 0 0 1
47 8 0 3 1
47 8 20 0 1
47 8 20 3 1
47 9 0 0 1
47 9 0 3 1
46 9 1 0 1
46 9 1 3 1
46 9 2 0 1
46 9 2 3 1
46 9 3 0 1
46 9 3 3 1
46 9 4 0 1
46 9 4 3 1
46 9 5 0 1
46 9 5 3 1
46 9 6 0 1
46 9 6 3 1
46 9 7 0 1
46 9 7 3 1
46 9 8 0 1
46 9 8 3 1
46 9 9 0 1
46 9 9 3 1
47 9 20 0 1
47 9 20 3 1
47 10 9 0 1
47 10 9 3 1
47 10 20 0 1
47 10 20 3 1
47 11 9 0 1
47 11 9 3 1
47 11 20 0 1
47 11 20 3 1
47 12 9 0 1
47 12 9 3 1
47 12 20 0 1
47 12 20 3 1
47 13 9 0 1
47 13 9 3 1
47 13 20 0 1
47 13 20 3 1
47 14 9 0 1
47 14 9 3 1
47 14 20 0 1
47 14 20 3 1
47 15 9 0 1
47 15 9 3 1
46 15 10 0 1
46 15 10 3 1
46 15 11 0 1
46 15 11 3 1
46 15 12 0 1
46 15 12 3 1
46 15 13 0 1
46 15 13 3 1
46 15 14 0 1
46 15 14 3 1
46 15 15 0 1
46 15 15 3 1
46 15 16 0 1
46 15 16 3 1
46 15 17 0 1
46 15 17 3 1
46 15 18 0 1
46 15 18 3 1
46 15 19 0 1
46 15 19 3 1
45 15 20 0 1
45 15 20 3 1
29 0 0 6 1
27 0 1 6 1
27 0 2 6 1
27 0 3 6 1
27 0 4 6 1
27 0 5 6 1
35 0 6 6 1
27 0 7 6 1
35 0 8 6 1
27 0 9 6 1
27 0 10 6 1
28 1 0 6 1
1216 1 1 6 1
1848 1 1 6 1
1848 1 1 11 1
1209 1 2 6 1
1848 1 2 6 1
1849 1 2 11 1
1209 1 3 6 1
1849 1 3 6 1
1209 1 4 6 1
1209 1 5 6 1
1209 1 6 6 1
1209 1 7 6 1
1209 1 8 6 1
1209 1 9 6 1
1214 1 10 6 1
33 1 10 6 1
28 2 0 6 1
1212 2 1 6 1
1848 2 1 6 1
1848 2 1 11 1
1207 2 2 6 1
1848 2 2 6 1
1848 2 2 11 1
1851 2 2 16 1
1208 2 3 6 1
1848 2 3 6 1
1848 2 3 11 1
1848 2 3 16 1
1851 2 3 21 1
1208 2 4 6 1
1207 2 5 6 1
1205 2 6 6 1
1207 2 7 6 1
1206 2 8 6 1
1205 2 9 6 1
1210 2 10 6 1
30 2 10 6 1
27 2 11 6 1
27 2 12 6 1
35 2 13 6 1
27 2 14 6 1
27 2 15 6 1
17 2 16 6 1
17 2 17 6 1
17 2 18 6 1
17 2 19 6 1
21 2 20 6 1
33 3 0 6 1
1212 3 1 6 1
11 3 1 6 1
1205 3 2 6 1
8 3 2 6 1
1205 3 3 6 1
6 3 3 6 1
1207 3 4 6 1
1206 3 5 6 1
1205 3 6 6 1
1208 3 7 6 1
1206 3 8 6 1
1208 3 9 6 1
1208 3 10 6 1
1209 3 11 6 1
1209 3 12 6 1
1209 3 13 6 1
1209 3 14 6 1
1214 3 15 6 1
34 3 15 6 1
1204 3 16 6 1
1197 3 17 6 1
1197 3 18 6 1
1202 3 19 6 1
1201 3 20 6 1
22 3 20 6 1
28 4 0 6 1
1212 4 1 6 1
1208 4 2 6 1
1205 4 3 6 1
1205 4 4 6 1
1205 4 5 6 1
1206 4 6 6 1
1207 4 7 6 1
1208 4 8 6 1
1206 4 9 6 1
1206 4 10 6 1
1208 4 11 6 1
1206 4 12 6 1
1208 4 13 6 1
1206 4 14 6 1
1210 4 15 6 1
1701 4 15 6 1
1200 4 16 6 1
1194 4 17 6 1
1194 4 18 6 1
1198 4 19 6 1
34 5 0 6 1
1212 5 1 6 1
1206 5 2 6 1
1206 5 3 6 1
1205 5 4 6 1
1208 5 5 6 1
1206 5 6 6 1
1207 5 7 6 1
1206 5 8 6 1
1205 5 9 6 1
1208 5 10 6 1
1205 5 11 6 1
1206 5 12 6 1
1207 5 13 6 1
1207 5 14 6 1
1210 5 15 6 1
1703 5 15 6 1
1200 5 16 6 1
1195 5 17 6 1
1193 5 18 6 1
1198 5 19 6 1
28 6 0 6 1
1212 6 1 6 1
1207 6 2 6 1
1207 6 3 6 1
1208 6 4 6 1
1205 6 5 6 1
1205 6 6 6 1
1206 6 7 6 1
1207 6 8 6 1
1207 6 9 6 1
1205 6 10 6 1
1206 6 11 6 1
1207 6 12 6 1
1206 6 13 6 1
1207 6 14 6 1
1210 6 15 6 1
34 6 15 6 1
1200 6 16 6 1
1196 6 17 6 1
1194 6 18 6 1
1198 6 19 6 1
1202 6 20 6 1
22 6 20 6 1
34 7 0 6 1
1212 7 1 6 1
1206 7 2 6 1
1207 7 3 6 1
1208 7 4 6 1
1206 7 5 6 1
1207 7 6 6 1
1208 7 7 6 1
1205 7 8 6 1
1208 7 9 6 1
1205 7 10 6 1
1205 7 11 6 1
1208 7 12 6 1
1205 7 13 6 1
1208 7 14 6 1
1210 7 15 6 1
33 7 15 6 1
1203 7 16 6 1
27 7 16 6 1
1199 7 17 6 1
27 7 17 6 1
1199 7 18 6 1
27 7 18 6 1
1201 7 19 6 1
27 7 19 6 1
1201 7 20 6 1
22 7 20 6 1
27 7 20 6 1
28 8 0 6 1
1212 8 1 6 1
1205 8 2 6 1
1206 8 3 6 1
1205 8 4 6 1
1208 8 5 6 1
1208 8 6 6 1
1208 8 7 6 1
1206 8 8 6 1
1207 8 9 6 1
1208 8 10 6 1
1206 8 11 6 1
1206 8 12 6 1
1206 8 13 6 1
1207 8 14 6 1
1208 8 15 6 1
10 8 15 6 1
1209 8 16 6 1
1209 8 17 6 1
1209 8 18 6 1
1209 8 19 6 1
1214 8 20 6 1
28 8 20 6 1
28 9 0 6 1
1215 9 1 6 1
32 9 1 6 1
1211 9 2 6 1
31 9 2 6 1
1211 9 3 6 1
35 9 3 6 1
1211 9 4 6 1
27 9 4 6 1
1211 9 5 6 1
35 9 5 6 1
1211 9 6 6 1
27 9 6 6 1
1211 9 7 6 1
35 9 7 6 1
1211 9 8 6 1
32 9 8 6 1
1211 9 9 6 1
31 9 9 6 1
1208 9 10 6 1
11 9 10 6 1
1205 9 11 6 1
13 9 11 6 1
1208 9 12 6 1
1206 9 13 6 1
1206 9 14 6 1
11 9 14 6 1
1207 9 15 6 1
6 9 15 6 1
1206 9 16 6 1
1208 9 17 6 1
1208 9 18 6 1
1208 9 19 6 1
1210 9 20 6 1
28 9 20 6 1
28 10 9 6 1
1212 10 10 6 1
1206 10 11 6 1
1207 10 12 6 1
1208 10 13 6 1
1206 10 14 6 1
1207 10 15 6 1
1207 10 16 6 1
1206 10 17 6 1
1206 10 18 6 1
1208 10 19 6 1
1210 10 20 6 1
34 10 20 6 1
34 11 9 6 1
1212 11 10 6 1
1208 11 11 6 1
1207 11 12 6 1
1205 11 13 6 1
1206 11 14 6 1
1206 11 15 6 1
1208 11 16 6 1
1205 11 17 6 1
1206 11 18 6 1
1206 11 19 6 1
1210 11 20 6 1
28 11 20 6 1
28 12 9 6 1
1212 12 10 6 1
1208 12 11 6 1
1208 12 12 6 1
1206 12 13 6 1
1205 12 14 6 1
1205 12 15 6 1
1208 12 16 6 1
1205 12 17 6 1
1208 12 18 6 1
1207 12 19 6 1
1210 12 20 6 1
34 12 20 6 1
34 13 9 6 1
1212 13 10 6 1
1208 13 11 6 1
1205 13 12 6 1
1207 13 13 6 1
1207 13 14 6 1
1208 13 15 6 1
1207 13 16 6 1
1207 13 17 6 1
1205 13 18 6 1
1208 13 19 6 1
1210 13 20 6 1
28 13 20 6 1
28 14 9 6 1
1212 14 10 6 1
1205 14 11 6 1
1206 14 12 6 1
1205 14 13 6 1
1207 14 14 6 1
1205 14 15 6 1
1208 14 16 6 1
1205 14 17 6 1
1205 14 18 6 1
1205 14 19 6 1
1210 14 20 6 1
28 14 20 6 1
28 15 9 6 1
1215 15 10 6 1
27 15 10 6 1
1211 15 11 6 1
27 15 11 6 1
1211 15 12 6 1
27 15 12 6 1
1211 15 13 6 1
35 15 13 6 1
1211 15 14 6 1
27 15 14 6 1
1211 15 15 6 1
35 15 15 6 1
1211 15 16 6 1
27 15 16 6 1
1211 15 17 6 1
35 15 17 6 1
1211 15 18 6 1
27 15 18 6 1
1211 15 19 6 1
27 15 19 6 1
1213 15 20 6 1
26 15 20 6 1
29 0 0 26 1
35 0 1 26 1
35 0 2 26 1
35 0 3 26 1
27 0 4 26 1
27 0 5 26 1
35 0 6 26 1
27 0 7 26 1
35 0 8 26 1
27 0 9 26 1
27 0 10 26 1
34 1 0 26 1
1204 1 4 26 1
6 1 4 26 1
1197 1 5 26 1
1197 1 6 26 1
1197 1 7 26 1
1197 1 8 26 1
1197 1 9 26 1
1202 1 10 26 1
33 1 10 26 1
34 2 0 26 1
1200 2 4 26 1
1196 2 5 26 1
1193 2 6 26 1
1193 2 7 26 1
1193 2 8 26 1
1196 2 9 26 1
1195 2 10 26 1
30 2 10 26 1
27 2 11 26 1
27 2 12 26 1
35 2 13 26 1
27 2 14 26 1
27 2 15 26 1
28 3 0 26 1
1204 3 1 26 1
1848 3 1 26 1
1848 3 1 31 1
1197 3 2 26 1
1848 3 2 26 1
1849 3 2 31 1
1197 3 3 26 1
1849 3 3 26 1
1200 3 4 26 1
1195 3 5 26 1
1194 3 6 26 1
1194 3 7 26 1
1195 3 8 26 1
1193 3 9 26 1
1195 3 10 26 1
1197 3 11 26 1
1197 3 12 26 1
1197 3 13 26 1
1197 3 14 26 1
1202 3 15 26 1
28 3 15 26 1
28 4 0 26 1
1200 4 1 26 1
1848 4 1 26 1
1848 4 1 31 1
1196 4 2 26 1
1848 4 2 26 1
1848 4 2 31 1
1851 4 2 36 1
1195 4 3 26 1
1848 4 3 26 1
1848 4 3 31 1
1848 4 3 36 1
1851 4 3 41 1
1200 4 4 26 1
8 4 4 26 1
1195 4 5 26 1
1193 4 6 26 1
1195 4 7 26 1
1193 4 8 26 1
1195 4 9 26 1
1194 4 10 26 1
1193 4 11 26 1
1194 4 12 26 1
1196 4 13 26 1
1193 4 14 26 1
1198 4 15 26 1
34 4 15 26 1
28 5 0 26 1
1200 5 1 26 1
8 5 1 26 1
1195 5 2 26 1
8 5 2 26 1
1196 5 3 26 1
8 5 3 26 1
1194 5 4 26 1
6 5 4 26 1
1194 5 5 26 1
1193 5 6 26 1
1193 5 7 26 1
1193 5 8 26 1
1193 5 9 26 1
1196 5 10 26 1
1193 5 11 26 1
1196 5 12 26 1
1196 5 13 26 1
1194 5 14 26 1
1198 5 15 26 1
34 5 15 26 1
28 6 0 26 1
1200 6 1 26 1
1194 6 2 26 1
1193 6 3 26 1
1194 6 4 26 1
1196 6 5 26 1
1195 6 6 26 1
1196 6 7 26 1
1196 6 8 26 1
1196 6 9 26 1
1196 6 10 26 1
1193 6 11 26 1
1195 6 12 26 1
1196 6 13 26 1
1194 6 14 26 1
1198 6 15 26 1
34 6 15 26 1
34 7 0 26 1
1200 7 1 26 1
1193 7 2 26 1
1196 7 3 26 1
1194 7 4 26 1
1193 7 5 26 1
1196 7 6 26 1
1195 7 7 26 1
1195 7 8 26 1
1195 7 9 26 1
1195 7 10 26 1
1194 7 11 26 1
1196 7 12 26 1
1195 7 13 26 1
1195 7 14 26 1
1198 7 15 26 1
34 7 15 26 1
1476 7 16 26 1
1476 7 17 26 1
1476 7 18 26 1
1476 7 19 26 1
1476 7 20 26 1
1476 7 21 26 1
28 8 0 26 1
1200 8 1 26 1
1195 8 2 26 1
1196 8 3 26 1
1195 8 4 26 1
1196 8 5 26 1
1195 8 6 26 1
1195 8 7 26 1
1195 8 8 26 1
1193 8 9 26 1
1194 8 10 26 1
1193 8 11 26 1
1193 8 12 26 1
1194 8 13 26 1
1194 8 14 26 1
1196 8 15 26 1
28 8 15 26 1
1193 8 16 26 1
1476 8 16 29 1
1196 8 17 26 1
1476 8 17 29 1
1196 8 18 26 1
1476 8 18 29 1
1195 8 19 26 1
1476 8 19 29 1
1196 8 20 26 1
47 8 20 26 1
1476 8 20 29 1
1476 8 21 29 1
28 9 0 26 1
1203 9 1 26 1
32 9 1 26 1
1199 9 2 26 1
31 9 2 26 1
1199 9 3 26 1
35 9 3 26 1
1199 9 4 26 1
27 9 4 26 1
1199 9 5 26 1
35 9 5 26 1
1199 9 6 26 1
27 9 6 26 1
1199 9 7 26 1
35 9 7 26 1
1199 9 8 26 1
32 9 8 26 1
1199 9 9 26 1
31 9 9 26 1
1199 9 10 26 1
27 9 10 26 1
1199 9 11 26 1
27 9 11 26 1
1199 9 12 26 1
27 9 12 26 1
1199 9 13 26 1
27 9 13 26 1
1199 9 14 26 1
27 9 14 26 1
1199 9 15 26 1
26 9 15 26 1
1193 9 16 26 1
1476 9 16 32 1
1195 9 17 26 1
1476 9 17 32 1
1195 9 18 26 1
1476 9 18 32 1
1194 9 19 26 1
1476 9 19 32 1
1196 9 20 26 1
47 9 20 26 1
47 9 20 29 1
1476 9 20 32 1
1476 9 21 32 1
1476 10 9 35 1
1195 10 10 26 1
1476 10 10 35 1
1194 10 11 26 1
1476 10 11 35 1
1194 10 12 26 1
1476 10 12 35 1
1193 10 13 26 1
1476 10 13 35 1
1195 10 14 26 1
1476 10 14 35 1
1196 10 15 26 1
1476 10 15 35 1
1195 10 16 26 1
1476 10 16 35 1
1195 10 17 26 1
1476 10 17 35 1
1196 10 18 26 1
1476 10 18 35 1
1195 10 19 26 1
1476 10 19 35 1
1194 10 20 26 1
37 10 20 26 1
1476 10 20 35 1
1476 10 21 35 1
1476 11 9 38 1
1194 11 10 26 1
1476 11 10 38 1
1194 11 11 26 1
1476 11 11 38 1
1193 11 12 26 1
1476 11 12 38 1
1195 11 13 26 1
1476 11 13 38 1
1194 11 14 26 1
1476 11 14 38 1
1193 11 15 26 1
1476 11 15 38 1
1194 11 16 26 1
1476 11 16 38 1
1195 11 17 26 1
1476 11 17 38 1
1196 11 18 26 1
1476 11 18 38 1
1193 11 19 26 1
1476 11 19 38 1
1195 11 20 26 1
37 11 20 26 1
1476 11 20 38 1
1476 11 21 38 1
1475 12 9 38 1
1194 12 10 26 1
1475 12 10 38 1
1194 12 11 26 1
1475 12 11 38 1
1193 12 12 26 1
1475 12 12 38 1
1195 12 13 26 1
1478 12 13 38 1
1196 12 14 26 1
1475 12 14 38 1
1488 12 14 41 1
1193 12 15 26 1
1475 12 15 38 1
1486 12 15 44 1
1194 12 16 26 1
1475 12 16 38 1
1487 12 16 41 1
1193 12 17 26 1
1480 12 17 38 1
1196 12 18 26 1
1475 12 18 38 1
1196 12 19 26 1
1475 12 19 38 1
1196 12 20 26 1
47 12 20 26 1
47 12 20 29 1
1475 12 20 38 1
1475 12 21 38 1
1475 13 9 35 1
1195 13 10 26 1
1475 13 10 35 1
1193 13 11 26 1
1475 13 11 35 1
1196 13 12 26 1
1478 13 12 35 1
1194 13 13 26 1
1488 13 13 38 1
1196 13 14 26 1
1488 13 14 41 1
1196 13 15 26 1
1486 13 15 44 1
1193 13 16 26 1
1487 13 16 41 1
1193 13 17 26 1
1487 13 17 38 1
1196 13 18 26 1
1480 13 18 35 1
1196 13 19 26 1
1475 13 19 35 1
1194 13 20 26 1
47 13 20 26 1
1475 13 20 35 1
1475 13 21 35 1
1475 14 9 32 1
1195 14 10 26 1
1475 14 10 32 1
1195 14 11 26 1
1478 14 11 32 1
1194 14 12 26 1
1488 14 12 35 1
1195 14 13 26 1
1488 14 13 38 1
1194 14 14 26 1
1488 14 14 41 1
1196 14 15 26 1
1486 14 15 44 1
1196 14 16 26 1
1487 14 16 41 1
1194 14 17 26 1
1487 14 17 38 1
1196 14 18 26 1
1487 14 18 35 1
1194 14 19 26 1
1480 14 19 32 1
1194 14 20 26 1
1475 14 20 32 1
1475 14 21 32 1
1475 15 9 29 1
1196 15 10 26 1
46 15 10 26 1
1478 15 10 29 1
1196 15 11 26 1
46 15 11 26 1
46 15 11 29 1
1488 15 11 32 1
1193 15 12 26 1
38 15 12 26 1
1488 15 12 35 1
1196 15 13 26 1
38 15 13 26 1
46 15 13 34 1
1488 15 13 38 1
1196 15 14 26 1
38 15 14 26 1
46 15 14 34 1
46 15 14 37 1
1488 15 14 41 1
1193 15 15 26 1
38 15 15 26 1
46 15 15 34 1
1486 15 15 44 1
1194 15 16 26 1
38 15 16 26 1
1487 15 16 41 1
1193 15 17 26 1
46 15 17 26 1
46 15 17 29 1
1487 15 17 38 1
1196 15 18 26 1
46 15 18 26 1
46 15 18 29 1
1487 15 18 35 1
1196 15 19 26 1
46 15 19 26 1
46 15 19 29 1
1487 15 19 32 1
1195 15 20 26 1
1480 15 20 29 1
1475 15 21 29 1
1478 16 9 26 1
1488 16 10 29 1
1488 16 11 32 1
1488 16 12 35 1
1488 16 13 38 1
1488 16 14 41 1
1486 16 15 44 1
1487 16 16 41 1
1487 16 17 38 1
1487 16 18 35 1
1487 16 19 32 1
1487 16 20 29 1
1480 16 21 26 1
29 0 0 46 1
27 0 1 46 1
27 0 2 46 1
27 0 3 46 1
27 0 4 46 1
27 0 5 46 1
35 0 6 46 1
27 0 7 46 1
35 0 8 46 1
27 0 9 46 1
27 0 10 46 1
28 1 0 46 1
1206 1 1 46 1
1848 1 1 46 1
1848 1 1 51 1
1208 1 2 46 1
1848 1 2 46 1
1848 1 2 51 1
1851 1 2 56 1
1206 1 3 46 1
1848 1 3 46 1
1848 1 3 51 1
1848 1 3 56 1
1851 1 3 61 1
1216 1 4 46 1
1209 1 5 46 1
1209 1 6 46 1
1209 1 7 46 1
1209 1 8 46 1
1209 1 9 46 1
1214 1 10 46 1
33 1 10 46 1
28 2 0 46 1
1206 2 1 46 1
1848 2 1 46 1
1848 2 1 51 1
1208 2 2 46 1
1848 2 2 46 1
1849 2 2 51 1
1205 2 3 46 1
1849 2 3 46 1
1212 2 4 46 1
1207 2 5 46 1
1206 2 6 46 1
1206 2 7 46 1
1206 2 8 46 1
1206 2 9 46 1
1210 2 10 46 1
30 2 10 46 1
1476 2 11 46 1
1476 2 12 46 1
1476 2 13 46 1
1476 2 14 46 1
1476 2 15 46 1
1476 2 16 46 1
34 3 0 46 1
2183 3 1 56 1
2180 3 2 53 1
2180 3 3 48 1
1212 3 4 46 1
1206 3 5 46 1
1208 3 6 46 1
1205 3 7 46 1
1208 3 8 46 1
1205 3 9 46 1
1210 3 10 46 1
28 3 10 46 1
1195 3 11 46 1
1476 3 11 49 1
1195 3 12 46 1
1476 3 12 49 1
1193 3 13 46 1
1476 3 13 49 1
1196 3 14 46 1
1476 3 14 49 1
1194 3 15 46 1
47 3 15 46 1
1476 3 15 49 1
1476 3 16 49 1
34 4 0 46 1
1212 4 4 46 1
1207 4 5 46 1
1207 4 6 46 1
1205 4 7 46 1
1208 4 8 46 1
1205 4 9 46 1
1210 4 10 46 1
28 4 10 46 1
1194 4 11 46 1
1476 4 11 52 1
1196 4 12 46 1
1476 4 12 52 1
1196 4 13 46 1
1476 4 13 52 1
1193 4 14 46 1
1476 4 14 52 1
1194 4 15 46 1
47 4 15 46 1
1476 4 15 52 1
1476 4 16 52 1
28 5 0 46 1
1216 5 1 46 1
2183 5 1 46 1
1209 5 2 46 1
2183 5 2 46 1
1209 5 3 46 1
2183 5 3 46 1
1208 5 4 46 1
1205 5 5 46 1
1208 5 6 46 1
1207 5 7 46 1
1207 5 8 46 1
1208 5 9 46 1
1210 5 10 46 1
28 5 10 46 1
1194 5 11 46 1
1476 5 11 55 1
1195 5 12 46 1
1476 5 12 55 1
1193 5 13 46 1
1476 5 13 55 1
1196 5 14 46 1
1476 5 14 55 1
1196 5 15 46 1
37 5 15 46 1
1476 5 15 55 1
1476 5 16 55 1
28 6 0 46 1
1212 6 1 46 1
1206 6 2 46 1
1207 6 3 46 1
1207 6 4 46 1
1205 6 5 46 1
1206 6 6 46 1
1207 6 7 46 1
1208 6 8 46 1
1206 6 9 46 1
1210 6 10 46 1
28 6 10 46 1
1195 6 11 46 1
1474 6 11 58 1
1194 6 12 46 1
1474 6 12 58 1
1193 6 13 46 1
1474 6 13 58 1
1193 6 14 46 1
1474 6 14 58 1
1196 6 15 46 1
47 6 15 46 1
1474 6 15 58 1
1474 6 16 58 1
34 7 0 46 1
1212 7 1 46 1
1205 7 2 46 1
1206 7 3 46 1
1205 7 4 46 1
1208 7 5 46 1
1208 7 6 46 1
1206 7 7 46 1
1208 7 8 46 1
1206 7 9 46 1
1210 7 10 46 1
33 7 10 46 1
1194 7 11 46 1
1475 7 11 55 1
1195 7 12 46 1
1475 7 12 55 1
1195 7 13 46 1
1475 7 13 55 1
1195 7 14 46 1
1475 7 14 55 1
1193 7 15 46 1
47 7 15 46 1
1475 7 15 55 1
1475 7 16 55 1
28 8 0 46 1
1212 8 1 46 1
1207 8 2 46 1
1207 8 3 46 1
1205 8 4 46 1
1206 8 5 46 1
1208 8 6 46 1
1208 8 7 46 1
1206 8 8 46 1
1207 8 9 46 1
1210 8 10 46 1
30 8 10 46 1
1193 8 11 46 1
1475 8 11 52 1
1194 8 12 46 1
1475 8 12 52 1
1195 8 13 46 1
1475 8 13 52 1
1195 8 14 46 1
1475 8 14 52 1
1196 8 15 46 1
1475 8 15 52 1
1475 8 16 52 1
28 9 0 46 1
1215 9 1 46 1
32 9 1 46 1
1211 9 2 46 1
31 9 2 46 1
1211 9 3 46 1
35 9 3 46 1
1211 9 4 46 1
27 9 4 46 1
1211 9 5 46 1
35 9 5 46 1
1211 9 6 46 1
27 9 6 46 1
1211 9 7 46 1
35 9 7 46 1
1211 9 8 46 1
32 9 8 46 1
1211 9 9 46 1
31 9 9 46 1
1213 9 10 46 1
26 9 10 46 1
1196 9 11 46 1
1475 9 11 49 1
1195 9 12 46 1
1475 9 12 49 1
1196 9 13 46 1
1475 9 13 49 1
1193 9 14 46 1
1475 9 14 49 1
1195 9 15 46 1
1475 9 15 49 1
1475 9 16 49 1
1475 10 11 46 1
1475 10 12 46 1
1475 10 13 46 1
1475 10 14 46 1
1475 10 15 46 1
1475 10 16 46 1
29 0 0 66 1
35 0 1 66 1
35 0 2 66 1
35 0 3 66 1
27 0 4 66 1
27 0 5 66 1
35 0 6 66 1
27 0 7 66 1
35 0 8 66 1
27 0 9 66 1
27 0 10 66 1
34 1 0 66 1
1204 1 4 66 1
1197 1 5 66 1
1197 1 6 66 1
1197 1 7 66 1
1197 1 8 66 1
1197 1 9 66 1
1202 1 10 66 1
33 1 10 66 1
34 2 0 66 1
1200 2 4 66 1
2177 2 4 66 1
1193 2 5 66 1
1193 2 6 66 1
1193 2 7 66 1
1196 2 8 66 1
1195 2 9 66 1
1198 2 10 66 1
30 2 10 66 1
28 3 0 66 1
1204 3 1 66 1
2183 3 1 66 1
1197 3 2 66 1
2183 3 2 66 1
1197 3 3 66 1
2183 3 3 66 1
1193 3 4 66 1
1195 3 5 66 1
1196 3 6 66 1
1196 3 7 66 1
1193 3 8 66 1
1196 3 9 66 1
1198 3 10 66 1
28 3 10 66 1
28 4 0 66 1
1200 4 1 66 1
1195 4 2 66 1
1194 4 3 66 1
1196 4 4 66 1
1193 4 5 66 1
1193 4 6 66 1
1194 4 7 66 1
1196 4 8 66 1
1196 4 9 66 1
1198 4 10 66 1
34 4 10 66 1
34 5 0 66 1
1200 5 1 66 1
1196 5 2 66 1
1194 5 3 66 1
1194 5 4 66 1
1195 5 5 66 1
1194 5 6 66 1
1194 5 7 66 1
1195 5 8 66 1
1195 5 9 66 1
1198 5 10 66 1
34 5 10 66 1
28 6 0 66 1
1200 6 1 66 1
1196 6 2 66 1
1196 6 3 66 1
1194 6 4 66 1
1195 6 5 66 1
1196 6 6 66 1
1195 6 7 66 1
1195 6 8 66 1
1196 6 9 66 1
1198 6 10 66 1
28 6 10 66 1
34 7 0 66 1
1200 7 1 66 1
1193 7 2 66 1
1196 7 3 66 1
1195 7 4 66 1
1193 7 5 66 1
1193 7 6 66 1
1196 7 7 66 1
1195 7 8 66 1
1195 7 9 66 1
1198 7 10 66 1
33 7 10 66 1
28 8 0 66 1
1200 8 1 66 1
1193 8 2 66 1
1194 8 3 66 1
1194 8 4 66 1
1194 8 5 66 1
1195 8 6 66 1
1193 8 7 66 1
1195 8 8 66 1
1194 8 9 66 1
1198 8 10 66 1
30 8 10 66 1
28 9 0 66 1
1203 9 1 66 1
32 9 1 66 1
1199 9 2 66 1
31 9 2 66 1
1199 9 3 66 1
35 9 3 66 1
1199 9 4 66 1
27 9 4 66 1
1199 9 5 66 1
35 9 5 66 1
1199 9 6 66 1
27 9 6 66 1
1199 9 7 66 1
35 9 7 66 1
1199 9 8 66 1
32 9 8 66 1
1199 9 9 66 1
31 9 9 66 1
1201 9 10 66 1
26 9 10 66 1
1479 0 0 89 1
1488 0 1 92 1
1488 0 2 95 1
1488 0 3 98 1
1488 0 4 101 1
1486 0 5 104 1
1487 0 6 101 1
1487 0 7 98 1
1487 0 8 95 1
1487 0 9 92 1
46 0 10 86 1
1477 0 10 89 1
1476 0 11 89 1
1476 1 0 92 1
1193 1 1 86 1
1479 1 1 92 1
1193 1 2 86 1
1488 1 2 95 1
1193 1 3 86 1
1488 1 3 98 1
1194 1 4 86 1
1488 1 4 101 1
1193 1 5 86 1
1486 1 5 104 1
1195 1 6 86 1
1487 1 6 101 1
1196 1 7 86 1
1487 1 7 98 1
1193 1 8 86 1
1487 1 8 95 1
1196 1 9 86 1
1477 1 9 92 1
1195 1 10 86 1
37 1 10 86 1
1476 1 10 92 1
1476 1 11 92 1
1476 2 0 95 1
1193 2 1 86 1
1476 2 1 95 1
1196 2 2 86 1
1479 2 2 95 1
1194 2 3 86 1
1488 2 3 98 1
1195 2 4 86 1
1488 2 4 101 1
1195 2 5 86 1
1486 2 5 104 1
1194 2 6 86 1
1487 2 6 101 1
1196 2 7 86 1
1487 2 7 98 1
1195 2 8 86 1
1477 2 8 95 1
1194 2 9 86 1
1476 2 9 95 1
1196 2 10 86 1
37 2 10 86 1
1476 2 10 95 1
1476 2 11 95 1
1476 3 0 98 1
1193 3 1 86 1
1476 3 1 98 1
1196 3 2 86 1
1476 3 2 98 1
1194 3 3 86 1
1479 3 3 98 1
1196 3 4 86 1
1488 3 4 101 1
1193 3 5 86 1
1486 3 5 104 1
1193 3 6 86 1
1487 3 6 101 1
1193 3 7 86 1
1477 3 7 98 1
1194 3 8 86 1
1476 3 8 98 1
1195 3 9 86 1
1476 3 9 98 1
1194 3 10 86 1
37 3 10 86 1
47 3 10 94 1
1476 3 10 98 1
1476 3 11 98 1
1476 4 0 101 1
1194 4 1 86 1
1476 4 1 101 1
1195 4 2 86 1
1476 4 2 101 1
1193 4 3 86 1
1476 4 3 101 1
1194 4 4 86 1
1479 4 4 101 1
1193 4 5 86 1
1486 4 5 104 1
1195 4 6 86 1
1477 4 6 101 1
1193 4 7 86 1
1476 4 7 101 1
1195 4 8 86 1
1476 4 8 101 1
1196 4 9 86 1
1476 4 9 101 1
1194 4 10 86 1
37 4 10 86 1
47 4 10 94 1
1476 4 10 101 1
1476 4 11 101 1
1475 5 0 101 1
1195 5 1 86 1
1475 5 1 101 1
1195 5 2 86 1
1475 5 2 101 1
1195 5 3 86 1
1475 5 3 101 1
1195 5 4 86 1
1478 5 4 101 1
1193 5 5 86 1
1486 5 5 104 1
1195 5 6 86 1
1480 5 6 101 1
1195 5 7 86 1
1475 5 7 101 1
1194 5 8 86 1
1475 5 8 101 1
1195 5 9 86 1
1475 5 9 101 1
1196 5 10 86 1
37 5 10 86 1
1475 5 10 101 1
1475 5 11 101 1
1475 6 0 98 1
1193 6 1 86 1
1475 6 1 98 1
1195 6 2 86 1
1475 6 2 98 1
1194 6 3 86 1
1478 6 3 98 1
1194 6 4 86 1
1488 6 4 101 1
1193 6 5 86 1
1486 6 5 104 1
1193 6 6 86 1
1487 6 6 101 1
1196 6 7 86 1
1480 6 7 98 1
1194 6 8 86 1
1475 6 8 98 1
1194 6 9 86 1
1475 6 9 98 1
1193 6 10 86 1
37 6 10 86 1
1475 6 10 98 1
1475 6 11 98 1
1475 7 0 95 1
1194 7 1 86 1
1475 7 1 95 1
1194 7 2 86 1
1478 7 2 95 1
1194 7 3 86 1
1488 7 3 98 1
1195 7 4 86 1
1488 7 4 101 1
1194 7 5 86 1
1486 7 5 104 1
1195 7 6 86 1
1487 7 6 101 1
1196 7 7 86 1
1487 7 7 98 1
1196 7 8 86 1
1480 7 8 95 1
1195 7 9 86 1
1475 7 9 95 1
1196 7 10 86 1
47 7 10 86 1
1475 7 10 95 1
1475 7 11 95 1
1475 8 0 92 1
1194 8 1 86 1
1478 8 1 92 1
1194 8 2 86 1
1488 8 2 95 1
1195 8 3 86 1
1488 8 3 98 1
1193 8 4 86 1
1488 8 4 101 1
1193 8 5 86 1
1486 8 5 104 1
1194 8 6 86 1
1487 8 6 101 1
1194 8 7 86 1
1487 8 7 98 1
1195 8 8 86 1
1487 8 8 95 1
1196 8 9 86 1
1480 8 9 92 1
1194 8 10 86 1
1475 8 10 92 1
1475 8 11 92 1
47 9 0 86 1
1478 9 0 89 1
1194 9 1 86 1
38 9 1 86 1
1488 9 1 92 1
1196 9 2 86 1
38 9 2 86 1
1488 9 2 95 1
1195 9 3 86 1
38 9 3 86 1
46 9 3 94 1
1488 9 3 98 1
1195 9 4 86 1
38 9 4 86 1
38 9 4 94 1
1488 9 4 101 1
1193 9 5 86 1
38 9 5 86 1
38 9 5 94 1
1486 9 5 104 1
1195 9 6 86 1
38 9 6 86 1
1487 9 6 101 1
1193 9 7 86 1
38 9 7 86 1
1487 9 7 98 1
1196 9 8 86 1
38 9 8 86 1
1487 9 8 95 1
1194 9 9 86 1
1487 9 9 92 1
1196 9 10 86 1
1480 9 10 89 1
1475 9 11 89 1
1488 10 0 89 1
1488 10 1 92 1
1488 10 2 95 1
1488 10 3 98 1
1488 10 4 101 1
1486 10 5 104 1
1487 10 6 101 1
1487 10 7 98 1
1487 10 8 95 1
1487 10 9 92 1
1487 10 10 89 1
1480 10 11 86 1
